3703.595988    72.645749    1.000000     1.000000
9600.581870    72.549579    0.977952     0.971215
9699.994183    66.785982    0.959063     0.946845
9799.406497    61.779156    0.944553     0.928090
9898.818810    80.099404    0.937648     0.919215
9998.231123    69.685675    0.929653     0.908870
10097.643437    63.449332    0.922319     0.899315
10197.055750    63.215154    0.914431     0.889185
10296.468064    73.140360    0.909384     0.882830
10395.880377    68.302605    0.904381     0.876690
10495.292690    64.638910    0.899157     0.870140
10594.705004    61.068186    0.893142     0.862630
10694.117317    65.675720    0.888661     0.857090
10793.529630    73.434064    0.885300     0.852935
10894.111500    65.500481    0.880615     0.847045
10993.523814    56.897491    0.875333     0.840545
11092.936127    65.001245    0.871725     0.836095
11192.348440    79.322658    0.869246     0.832990
11291.760754    61.733353    0.865093     0.827795
11391.173067    56.100091    0.860581     0.822160
11490.585381    65.295205    0.857202     0.818180
11589.997694    68.662781    0.854585     0.814980
11689.410007    61.260074    0.851039     0.810680
11788.822321    57.240956    0.847042     0.805825
11888.234634    61.600640    0.844056     0.802155
11987.646947    62.947143    0.841619     0.799150
12087.059261    65.592664    0.838713     0.795740
12187.641131    54.620496    0.834485     0.790660
12287.053444    59.716697    0.831696     0.787290
12386.465757    63.464039    0.829543     0.784655
12485.878071    66.043942    0.826994     0.781590
12585.290384    50.773448    0.823031     0.776825
12684.702698    62.450876    0.820426     0.773680
12784.115011    62.298591    0.818128     0.770935
12883.527324    58.055048    0.815615     0.767965
12982.939638    50.091551    0.812025     0.763680
13082.351951    64.680086    0.809841     0.761125
13181.764264    58.666107    0.807393     0.758295
13281.176578    54.760731    0.805120     0.755575
13380.588891    50.611579    0.801967     0.751740
13480.001204    57.301322    0.799575     0.748840
13500.017679    60.502388    0.799094     0.748250
