    9500.0000    3703.5960  0.442289E-01    0.706887E-01    0.909340E-01    0.108335E+00    0.125207E+00    0.141083E+00    0.155733E+00    0.170152E+00    0.184806E+00    0.198816E+00    0.350231E+00    0.527262E+00    0.735725E+00    0.993448E+00    0.132732E+01    0.178350E+01    0.249524E+01    0.392581E+01    0.104142E+02
   24626.2087    9600.5819  0.661947E-01    0.896282E-01    0.107626E+00    0.123818E+00    0.139634E+00    0.154205E+00    0.168478E+00    0.182285E+00    0.196187E+00    0.209458E+00    0.352828E+00    0.518562E+00    0.716737E+00    0.964623E+00    0.128280E+01    0.172032E+01    0.240140E+01    0.376549E+01    0.236461E+02
   24881.2087    9699.9942  0.664415E-01    0.883450E-01    0.106996E+00    0.122761E+00    0.137543E+00    0.152414E+00    0.166040E+00    0.179034E+00    0.193001E+00    0.206293E+00    0.345963E+00    0.506451E+00    0.701440E+00    0.940521E+00    0.124713E+01    0.165700E+01    0.228678E+01    0.345890E+01    0.209435E+02
   25136.2087    9799.4065  0.658400E-01    0.881834E-01    0.106492E+00    0.122520E+00    0.136928E+00    0.151094E+00    0.165136E+00    0.177809E+00    0.190924E+00    0.204047E+00    0.341049E+00    0.498776E+00    0.689584E+00    0.921198E+00    0.121343E+01    0.160468E+01    0.218880E+01    0.326981E+01    0.194300E+02
   25391.2087    9898.8188  0.665903E-01    0.884439E-01    0.106377E+00    0.122699E+00    0.137128E+00    0.150919E+00    0.164767E+00    0.178069E+00    0.190806E+00    0.203714E+00    0.338576E+00    0.493901E+00    0.683076E+00    0.912166E+00    0.120283E+01    0.159448E+01    0.216853E+01    0.320599E+01    0.220175E+02
   25646.2087    9998.2311  0.670369E-01    0.895092E-01    0.107402E+00    0.122378E+00    0.137265E+00    0.150928E+00    0.163850E+00    0.176607E+00    0.188989E+00    0.202059E+00    0.336238E+00    0.490204E+00    0.676695E+00    0.904579E+00    0.119297E+01    0.157913E+01    0.213549E+01    0.314827E+01    0.225341E+02
   25901.2087   10097.6434  0.667724E-01    0.887144E-01    0.106139E+00    0.121439E+00    0.135696E+00    0.148523E+00    0.162230E+00    0.175491E+00    0.188503E+00    0.201348E+00    0.334136E+00    0.487653E+00    0.670860E+00    0.894691E+00    0.117789E+01    0.155274E+01    0.210179E+01    0.308232E+01    0.201757E+02
   26156.2087   10197.0558  0.662552E-01    0.883379E-01    0.106175E+00    0.120993E+00    0.134811E+00    0.148049E+00    0.161132E+00    0.173872E+00    0.186786E+00    0.199091E+00    0.332599E+00    0.484843E+00    0.667265E+00    0.889116E+00    0.117228E+01    0.154595E+01    0.207862E+01    0.300717E+01    0.184463E+02
   26411.2087   10296.4681  0.664192E-01    0.880586E-01    0.105147E+00    0.119320E+00    0.133902E+00    0.146699E+00    0.159117E+00    0.171564E+00    0.183739E+00    0.196694E+00    0.325541E+00    0.479290E+00    0.658643E+00    0.879240E+00    0.115973E+01    0.153034E+01    0.205769E+01    0.297297E+01    0.209390E+02
   26666.2087   10395.8804  0.675355E-01    0.884438E-01    0.106328E+00    0.120617E+00    0.134452E+00    0.147785E+00    0.160750E+00    0.173065E+00    0.185327E+00    0.197519E+00    0.328674E+00    0.477341E+00    0.657662E+00    0.877642E+00    0.115102E+01    0.151585E+01    0.204132E+01    0.293988E+01    0.216110E+02
   26921.2087   10495.2927  0.671542E-01    0.885364E-01    0.105479E+00    0.119949E+00    0.133600E+00    0.146947E+00    0.159667E+00    0.172213E+00    0.184095E+00    0.196464E+00    0.325974E+00    0.476334E+00    0.653943E+00    0.871978E+00    0.114648E+01    0.151050E+01    0.203126E+01    0.292105E+01    0.194359E+02
   27176.2087   10594.7050  0.663061E-01    0.885300E-01    0.105135E+00    0.119668E+00    0.133611E+00    0.146425E+00    0.159236E+00    0.171257E+00    0.183326E+00    0.195761E+00    0.323219E+00    0.471099E+00    0.648544E+00    0.863364E+00    0.113129E+01    0.148641E+01    0.199402E+01    0.285806E+01    0.175303E+02
   27431.2087   10694.1173  0.670284E-01    0.884951E-01    0.104991E+00    0.119726E+00    0.133689E+00    0.147012E+00    0.159347E+00    0.171475E+00    0.183762E+00    0.196063E+00    0.322109E+00    0.468678E+00    0.646686E+00    0.861643E+00    0.113214E+01    0.148745E+01    0.198913E+01    0.285597E+01    0.199493E+02
   27686.2087   10793.5296  0.667317E-01    0.881148E-01    0.104952E+00    0.119596E+00    0.132955E+00    0.145619E+00    0.157871E+00    0.170080E+00    0.182488E+00    0.194260E+00    0.318827E+00    0.466360E+00    0.643530E+00    0.860680E+00    0.112771E+01    0.148002E+01    0.198386E+01    0.283586E+01    0.206149E+02
   27944.2087   10894.1115  0.668007E-01    0.878272E-01    0.104633E+00    0.119068E+00    0.132640E+00    0.145555E+00    0.157492E+00    0.169839E+00    0.181788E+00    0.193534E+00    0.316963E+00    0.461349E+00    0.639009E+00    0.853251E+00    0.112074E+01    0.146963E+01    0.197052E+01    0.280046E+01    0.192397E+02
   28199.2087   10993.5238  0.659465E-01    0.872459E-01    0.104633E+00    0.119264E+00    0.133098E+00    0.145526E+00    0.157678E+00    0.169901E+00    0.181780E+00    0.193739E+00    0.315398E+00    0.460432E+00    0.632871E+00    0.849238E+00    0.111159E+01    0.145942E+01    0.194068E+01    0.275721E+01    0.168356E+02
   28454.2087   11092.9361  0.668121E-01    0.884621E-01    0.106108E+00    0.120411E+00    0.133614E+00    0.146136E+00    0.158513E+00    0.170473E+00    0.182432E+00    0.194110E+00    0.316735E+00    0.460140E+00    0.632818E+00    0.843234E+00    0.110559E+01    0.145022E+01    0.193934E+01    0.276066E+01    0.191971E+02
   28709.2087   11192.3484  0.679799E-01    0.888774E-01    0.105406E+00    0.119677E+00    0.132687E+00    0.145604E+00    0.157632E+00    0.169681E+00    0.181387E+00    0.192661E+00    0.315034E+00    0.456377E+00    0.631264E+00    0.843210E+00    0.110679E+01    0.145072E+01    0.193768E+01    0.275434E+01    0.201463E+02
   28964.2087   11291.7608  0.664104E-01    0.874004E-01    0.103463E+00    0.117326E+00    0.130486E+00    0.143207E+00    0.155344E+00    0.167274E+00    0.178935E+00    0.191356E+00    0.312664E+00    0.454096E+00    0.627176E+00    0.835513E+00    0.109335E+01    0.143401E+01    0.192016E+01    0.273491E+01    0.184444E+02
   29219.2087   11391.1731  0.673334E-01    0.883490E-01    0.104387E+00    0.118751E+00    0.131264E+00    0.143118E+00    0.155400E+00    0.167434E+00    0.179264E+00    0.190518E+00    0.310447E+00    0.453641E+00    0.622904E+00    0.830143E+00    0.109097E+01    0.142831E+01    0.190039E+01    0.268975E+01    0.159143E+02
   29474.2087   11490.5854  0.666943E-01    0.875452E-01    0.104241E+00    0.117654E+00    0.130718E+00    0.143043E+00    0.155318E+00    0.167325E+00    0.178471E+00    0.189999E+00    0.310013E+00    0.452791E+00    0.620742E+00    0.829191E+00    0.108819E+01    0.142644E+01    0.189861E+01    0.269790E+01    0.180895E+02
   29729.2087   11589.9977  0.667488E-01    0.885130E-01    0.103491E+00    0.117845E+00    0.131278E+00    0.143633E+00    0.155742E+00    0.166796E+00    0.178160E+00    0.189663E+00    0.310103E+00    0.449093E+00    0.620718E+00    0.830878E+00    0.109106E+01    0.142697E+01    0.189675E+01    0.269409E+01    0.190995E+02
   29984.2087   11689.4100  0.667515E-01    0.872385E-01    0.103226E+00    0.118258E+00    0.130948E+00    0.142935E+00    0.155043E+00    0.166666E+00    0.177752E+00    0.188970E+00    0.308077E+00    0.446777E+00    0.617746E+00    0.823125E+00    0.107918E+01    0.141324E+01    0.188650E+01    0.266842E+01    0.175490E+02
   30239.2087   11788.8223  0.655283E-01    0.863718E-01    0.102215E+00    0.116202E+00    0.129565E+00    0.141461E+00    0.153402E+00    0.165090E+00    0.176572E+00    0.187979E+00    0.306790E+00    0.445563E+00    0.613802E+00    0.817367E+00    0.106862E+01    0.140178E+01    0.185998E+01    0.262242E+01    0.150979E+02
   30494.2087   11888.2346  0.657375E-01    0.862354E-01    0.102428E+00    0.116740E+00    0.129839E+00    0.141903E+00    0.153906E+00    0.165174E+00    0.175876E+00    0.187321E+00    0.303791E+00    0.443721E+00    0.610688E+00    0.814612E+00    0.107153E+01    0.140369E+01    0.186628E+01    0.263874E+01    0.170875E+02
   30749.2087   11987.6469  0.667306E-01    0.874418E-01    0.103430E+00    0.117512E+00    0.130221E+00    0.141662E+00    0.153119E+00    0.164225E+00    0.176190E+00    0.187310E+00    0.303472E+00    0.441271E+00    0.609738E+00    0.815301E+00    0.106899E+01    0.140298E+01    0.186346E+01    0.262830E+01    0.179947E+02
   31004.2087   12087.0593  0.648000E-01    0.865461E-01    0.102420E+00    0.116166E+00    0.129653E+00    0.141403E+00    0.152848E+00    0.164563E+00    0.175669E+00    0.186772E+00    0.303284E+00    0.442410E+00    0.609319E+00    0.811722E+00    0.106561E+01    0.139440E+01    0.185698E+01    0.262650E+01    0.165842E+02
   31262.2087   12187.6411  0.648856E-01    0.864043E-01    0.101788E+00    0.116014E+00    0.129100E+00    0.140508E+00    0.151939E+00    0.163393E+00    0.175277E+00    0.186457E+00    0.301520E+00    0.437362E+00    0.603293E+00    0.800618E+00    0.105058E+01    0.137381E+01    0.182325E+01    0.256702E+01    0.145951E+02
   31517.2087   12287.0534  0.648296E-01    0.851144E-01    0.102241E+00    0.116739E+00    0.129445E+00    0.141413E+00    0.153200E+00    0.164270E+00    0.175049E+00    0.186167E+00    0.299985E+00    0.437759E+00    0.601324E+00    0.804975E+00    0.105818E+01    0.138035E+01    0.183123E+01    0.258476E+01    0.163777E+02
   31772.2087   12386.4658  0.653406E-01    0.865133E-01    0.102109E+00    0.115656E+00    0.128368E+00    0.139831E+00    0.152128E+00    0.163300E+00    0.174303E+00    0.186085E+00    0.300972E+00    0.436709E+00    0.600582E+00    0.802420E+00    0.105245E+01    0.137380E+01    0.182506E+01    0.259215E+01    0.174241E+02
   32027.2087   12485.8781  0.655190E-01    0.860227E-01    0.101772E+00    0.116259E+00    0.128941E+00    0.140737E+00    0.152418E+00    0.163437E+00    0.174053E+00    0.184815E+00    0.298895E+00    0.434339E+00    0.598167E+00    0.799296E+00    0.105184E+01    0.137453E+01    0.182523E+01    0.257663E+01    0.162801E+02
   32282.2087   12585.2904  0.648091E-01    0.850155E-01    0.101027E+00    0.113858E+00    0.126400E+00    0.138224E+00    0.149634E+00    0.161368E+00    0.172349E+00    0.182919E+00    0.296337E+00    0.429362E+00    0.593803E+00    0.792794E+00    0.104066E+01    0.135872E+01    0.179904E+01    0.251620E+01    0.137369E+02
   32537.2087   12684.7027  0.659561E-01    0.864504E-01    0.102492E+00    0.115735E+00    0.128295E+00    0.140801E+00    0.151850E+00    0.163023E+00    0.173639E+00    0.184477E+00    0.297427E+00    0.430910E+00    0.592323E+00    0.790252E+00    0.103732E+01    0.135933E+01    0.180428E+01    0.254341E+01    0.152908E+02
   32792.2087   12784.1150  0.639096E-01    0.848027E-01    0.100879E+00    0.113830E+00    0.126917E+00    0.138675E+00    0.149898E+00    0.160866E+00    0.172566E+00    0.183754E+00    0.294863E+00    0.429962E+00    0.591560E+00    0.790357E+00    0.103769E+01    0.135844E+01    0.180668E+01    0.254339E+01    0.162565E+02
   33047.2087   12883.5273  0.641255E-01    0.831210E-01    0.995687E-01    0.113097E+00    0.125057E+00    0.137336E+00    0.149377E+00    0.160891E+00    0.172222E+00    0.183002E+00    0.294100E+00    0.425749E+00    0.588594E+00    0.786718E+00    0.103246E+01    0.135585E+01    0.179642E+01    0.253793E+01    0.152112E+02
   33302.2087   12982.9396  0.637594E-01    0.846608E-01    0.100773E+00    0.114078E+00    0.126304E+00    0.138521E+00    0.150087E+00    0.161416E+00    0.172024E+00    0.182104E+00    0.293345E+00    0.424693E+00    0.582991E+00    0.778342E+00    0.102061E+01    0.133802E+01    0.177344E+01    0.248430E+01    0.128089E+02
   33557.2087   13082.3520  0.647266E-01    0.857021E-01    0.101951E+00    0.116172E+00    0.128447E+00    0.140109E+00    0.150885E+00    0.161412E+00    0.171731E+00    0.182066E+00    0.292289E+00    0.423243E+00    0.581764E+00    0.777400E+00    0.102296E+01    0.134287E+01    0.178415E+01    0.251107E+01    0.142520E+02
   33812.2087   13181.7643  0.654959E-01    0.844246E-01    0.993699E-01    0.112939E+00    0.125137E+00    0.136625E+00    0.148328E+00    0.159045E+00    0.169077E+00    0.179576E+00    0.289000E+00    0.421271E+00    0.580719E+00    0.779942E+00    0.102409E+01    0.134240E+01    0.177765E+01    0.250747E+01    0.150504E+02
   34067.2087   13281.1766  0.642667E-01    0.848484E-01    0.996054E-01    0.113204E+00    0.125916E+00    0.137908E+00    0.149585E+00    0.160530E+00    0.170881E+00    0.180569E+00    0.290490E+00    0.418665E+00    0.578909E+00    0.774958E+00    0.101940E+01    0.133351E+01    0.177690E+01    0.250060E+01    0.140573E+02
   34322.2087   13380.5889  0.635311E-01    0.842595E-01    0.100310E+00    0.113607E+00    0.125124E+00    0.136419E+00    0.147852E+00    0.158586E+00    0.169505E+00    0.179694E+00    0.288991E+00    0.417153E+00    0.576201E+00    0.771499E+00    0.101331E+01    0.132408E+01    0.175087E+01    0.244449E+01    0.119367E+02
   34577.2087   13480.0012  0.634734E-01    0.838686E-01    0.993664E-01    0.113293E+00    0.125540E+00    0.136814E+00    0.147658E+00    0.158749E+00    0.169262E+00    0.179800E+00    0.286740E+00    0.415432E+00    0.573300E+00    0.766837E+00    0.101114E+01    0.132383E+01    0.175782E+01    0.246924E+01    0.132953E+02
   34628.5525   13500.0177  0.653034E-01    0.852509E-01    0.100642E+00    0.114161E+00    0.126123E+00    0.136879E+00    0.147568E+00    0.158611E+00    0.169361E+00    0.179551E+00    0.289703E+00    0.415716E+00    0.574183E+00    0.765877E+00    0.100897E+01    0.131795E+01    0.174750E+01    0.246186E+01    0.183075E+02
