    9500.0000    2545.3520  0.434351E-01    0.687966E-01    0.900976E-01    0.106874E+00    0.123107E+00    0.138502E+00    0.153992E+00    0.168901E+00    0.183009E+00    0.198444E+00    0.347621E+00    0.524779E+00    0.737490E+00    0.994306E+00    0.132747E+01    0.178974E+01    0.250068E+01    0.391876E+01    0.104732E+02
   35828.7853    9599.6706  0.655421E-01    0.878380E-01    0.106416E+00    0.122037E+00    0.137031E+00    0.151529E+00    0.165881E+00    0.179574E+00    0.193036E+00    0.206285E+00    0.351346E+00    0.520737E+00    0.723119E+00    0.973245E+00    0.129847E+01    0.173825E+01    0.245259E+01    0.389110E+01    0.299982E+02
   36200.7853    9699.3413  0.659063E-01    0.882964E-01    0.105359E+00    0.121455E+00    0.135653E+00    0.150606E+00    0.165596E+00    0.178700E+00    0.192039E+00    0.205223E+00    0.344159E+00    0.510086E+00    0.710535E+00    0.959965E+00    0.128205E+01    0.172020E+01    0.238761E+01    0.370920E+01    0.265927E+02
   36572.7853    9799.0119  0.673144E-01    0.892729E-01    0.107170E+00    0.122303E+00    0.136934E+00    0.151305E+00    0.165049E+00    0.177237E+00    0.190226E+00    0.203081E+00    0.343193E+00    0.506315E+00    0.703919E+00    0.950457E+00    0.126297E+01    0.169512E+01    0.233632E+01    0.357716E+01    0.250743E+02
   36944.7853    9898.6825  0.681656E-01    0.896654E-01    0.106613E+00    0.122403E+00    0.136341E+00    0.150629E+00    0.164285E+00    0.177846E+00    0.191014E+00    0.204306E+00    0.341721E+00    0.503247E+00    0.700623E+00    0.940754E+00    0.124890E+01    0.166841E+01    0.231059E+01    0.352812E+01    0.284923E+02
   37313.7853    9997.5493  0.686616E-01    0.907665E-01    0.107386E+00    0.122741E+00    0.136326E+00    0.150021E+00    0.162985E+00    0.176705E+00    0.189359E+00    0.201996E+00    0.339473E+00    0.499528E+00    0.695722E+00    0.939968E+00    0.124780E+01    0.166753E+01    0.230385E+01    0.348059E+01    0.288849E+02
   37685.7853   10097.2200  0.688763E-01    0.898492E-01    0.107747E+00    0.123353E+00    0.137329E+00    0.150674E+00    0.162584E+00    0.175330E+00    0.188594E+00    0.201239E+00    0.335360E+00    0.496229E+00    0.688167E+00    0.926501E+00    0.123522E+01    0.164716E+01    0.227415E+01    0.344084E+01    0.258992E+02
   38057.7853   10196.8906  0.678137E-01    0.897442E-01    0.106469E+00    0.121316E+00    0.134993E+00    0.148861E+00    0.161581E+00    0.174026E+00    0.186101E+00    0.198639E+00    0.333199E+00    0.492780E+00    0.684090E+00    0.919234E+00    0.122163E+01    0.163105E+01    0.223424E+01    0.335280E+01    0.239371E+02
   38429.7853   10296.5612  0.681369E-01    0.893176E-01    0.106359E+00    0.119938E+00    0.133654E+00    0.146984E+00    0.160221E+00    0.173146E+00    0.186131E+00    0.198143E+00    0.332393E+00    0.490043E+00    0.681847E+00    0.918700E+00    0.122367E+01    0.163180E+01    0.224143E+01    0.335280E+01    0.272865E+02
   38801.7853   10396.2318  0.696994E-01    0.903351E-01    0.107354E+00    0.122525E+00    0.136250E+00    0.149216E+00    0.161978E+00    0.174555E+00    0.187093E+00    0.199447E+00    0.331759E+00    0.490352E+00    0.682283E+00    0.919780E+00    0.122458E+01    0.163498E+01    0.224083E+01    0.335187E+01    0.280584E+02
   39170.7853   10495.0987  0.695193E-01    0.909942E-01    0.106450E+00    0.121471E+00    0.135343E+00    0.148112E+00    0.160803E+00    0.172872E+00    0.185000E+00    0.197566E+00    0.329629E+00    0.486181E+00    0.676823E+00    0.911176E+00    0.121635E+01    0.162299E+01    0.221744E+01    0.331683E+01    0.251937E+02
   39542.7853   10594.7693  0.683168E-01    0.895580E-01    0.106474E+00    0.121757E+00    0.135459E+00    0.148053E+00    0.160751E+00    0.173643E+00    0.185569E+00    0.197895E+00    0.326369E+00    0.479728E+00    0.668513E+00    0.904550E+00    0.120406E+01    0.160678E+01    0.219396E+01    0.328294E+01    0.228332E+02
   39914.7853   10694.4399  0.679388E-01    0.896014E-01    0.106850E+00    0.121220E+00    0.134847E+00    0.147344E+00    0.160155E+00    0.172684E+00    0.185122E+00    0.197452E+00    0.324256E+00    0.479312E+00    0.669438E+00    0.902655E+00    0.120115E+01    0.159942E+01    0.219638E+01    0.326403E+01    0.260794E+02
   40286.7853   10794.1106  0.691637E-01    0.909675E-01    0.107837E+00    0.122006E+00    0.135140E+00    0.147718E+00    0.159228E+00    0.170840E+00    0.183236E+00    0.196197E+00    0.324947E+00    0.477376E+00    0.666923E+00    0.897282E+00    0.119607E+01    0.159627E+01    0.218332E+01    0.326306E+01    0.271943E+02
   40658.7853   10893.7812  0.690559E-01    0.900864E-01    0.106299E+00    0.120310E+00    0.133607E+00    0.146150E+00    0.158846E+00    0.171432E+00    0.183210E+00    0.195069E+00    0.323086E+00    0.476235E+00    0.661920E+00    0.893039E+00    0.118816E+01    0.158043E+01    0.216854E+01    0.321962E+01    0.248877E+02
   41027.7853   10992.6480  0.665681E-01    0.898247E-01    0.106631E+00    0.120634E+00    0.133123E+00    0.145121E+00    0.157196E+00    0.169214E+00    0.181323E+00    0.192516E+00    0.317054E+00    0.471104E+00    0.658844E+00    0.892299E+00    0.118723E+01    0.157866E+01    0.215640E+01    0.318451E+01    0.216882E+02
   41399.7853   11092.3186  0.677819E-01    0.883187E-01    0.104595E+00    0.118564E+00    0.131401E+00    0.144306E+00    0.156516E+00    0.168872E+00    0.181098E+00    0.192989E+00    0.317957E+00    0.471036E+00    0.658350E+00    0.890612E+00    0.118620E+01    0.158332E+01    0.215763E+01    0.318420E+01    0.248168E+02
   41771.7853   11191.9893  0.676030E-01    0.883437E-01    0.105297E+00    0.119084E+00    0.131602E+00    0.143389E+00    0.155208E+00    0.167286E+00    0.179359E+00    0.191129E+00    0.315254E+00    0.467106E+00    0.653971E+00    0.885880E+00    0.117755E+01    0.157350E+01    0.214703E+01    0.317188E+01    0.259140E+02
   42143.7853   11291.6599  0.660177E-01    0.882295E-01    0.104739E+00    0.119659E+00    0.132983E+00    0.144936E+00    0.156888E+00    0.167981E+00    0.180260E+00    0.191460E+00    0.317220E+00    0.468066E+00    0.654090E+00    0.882796E+00    0.117420E+01    0.156883E+01    0.213710E+01    0.316064E+01    0.238895E+02
   42512.7853   11390.5267  0.675622E-01    0.890572E-01    0.104241E+00    0.117602E+00    0.130425E+00    0.142885E+00    0.154815E+00    0.167012E+00    0.178696E+00    0.190987E+00    0.314022E+00    0.464619E+00    0.647886E+00    0.879065E+00    0.116807E+01    0.155519E+01    0.212032E+01    0.312320E+01    0.205853E+02
   42884.7853   11490.1973  0.672165E-01    0.871693E-01    0.104227E+00    0.116735E+00    0.129687E+00    0.141852E+00    0.153802E+00    0.165358E+00    0.176932E+00    0.189307E+00    0.314333E+00    0.463856E+00    0.648748E+00    0.879990E+00    0.116925E+01    0.155830E+01    0.212339E+01    0.312001E+01    0.235615E+02
   43256.7853   11589.8680  0.669977E-01    0.875039E-01    0.102549E+00    0.117383E+00    0.130151E+00    0.142355E+00    0.154146E+00    0.165885E+00    0.177329E+00    0.188526E+00    0.311529E+00    0.461115E+00    0.647923E+00    0.874343E+00    0.116500E+01    0.155259E+01    0.212249E+01    0.311855E+01    0.247749E+02
   43628.7853   11689.5386  0.657163E-01    0.865889E-01    0.103788E+00    0.116572E+00    0.129915E+00    0.142722E+00    0.154995E+00    0.166945E+00    0.178309E+00    0.190051E+00    0.310712E+00    0.457996E+00    0.646265E+00    0.874489E+00    0.116602E+01    0.154983E+01    0.211741E+01    0.311632E+01    0.229602E+02
   44000.7853   11789.2092  0.639691E-01    0.856162E-01    0.102195E+00    0.116768E+00    0.130216E+00    0.142468E+00    0.154177E+00    0.165772E+00    0.177729E+00    0.188915E+00    0.309023E+00    0.456839E+00    0.644782E+00    0.872635E+00    0.116442E+01    0.154897E+01    0.210356E+01    0.309851E+01    0.198430E+02
   44369.7853   11888.0761  0.662953E-01    0.869531E-01    0.102920E+00    0.116629E+00    0.129984E+00    0.142067E+00    0.154076E+00    0.165992E+00    0.177817E+00    0.189830E+00    0.306580E+00    0.453142E+00    0.637001E+00    0.863538E+00    0.115162E+01    0.153999E+01    0.210094E+01    0.308798E+01    0.222603E+02
   44741.7853   11987.7467  0.654018E-01    0.866194E-01    0.103151E+00    0.116497E+00    0.129330E+00    0.141051E+00    0.152981E+00    0.165035E+00    0.175851E+00    0.186745E+00    0.306055E+00    0.453555E+00    0.638231E+00    0.867282E+00    0.115558E+01    0.154357E+01    0.210068E+01    0.308277E+01    0.234556E+02
   45113.7853   12087.4173  0.659223E-01    0.859790E-01    0.102446E+00    0.116018E+00    0.129117E+00    0.141438E+00    0.153341E+00    0.164685E+00    0.176287E+00    0.187202E+00    0.306723E+00    0.453187E+00    0.636144E+00    0.861591E+00    0.115421E+01    0.153736E+01    0.210394E+01    0.309125E+01    0.219390E+02
   45485.7853   12187.0879  0.651124E-01    0.860106E-01    0.101304E+00    0.115434E+00    0.128140E+00    0.140684E+00    0.152800E+00    0.164327E+00    0.175429E+00    0.185868E+00    0.302500E+00    0.450155E+00    0.630720E+00    0.855204E+00    0.114257E+01    0.152450E+01    0.207306E+01    0.303065E+01    0.187863E+02
   45857.7853   12286.7586  0.649907E-01    0.860202E-01    0.101592E+00    0.114580E+00    0.126689E+00    0.139070E+00    0.151775E+00    0.162850E+00    0.174008E+00    0.186030E+00    0.303629E+00    0.448911E+00    0.625967E+00    0.850945E+00    0.114235E+01    0.152666E+01    0.208024E+01    0.303576E+01    0.213274E+02
   46226.7853   12385.6254  0.635312E-01    0.847480E-01    0.100435E+00    0.114800E+00    0.126929E+00    0.139119E+00    0.150842E+00    0.162689E+00    0.174264E+00    0.185168E+00    0.302985E+00    0.446877E+00    0.627913E+00    0.852816E+00    0.114343E+01    0.152498E+01    0.208545E+01    0.305596E+01    0.222744E+02
   46598.7853   12485.2960  0.647135E-01    0.851584E-01    0.100502E+00    0.113811E+00    0.126781E+00    0.138813E+00    0.150144E+00    0.161471E+00    0.172651E+00    0.183592E+00    0.301637E+00    0.445523E+00    0.623553E+00    0.850634E+00    0.114206E+01    0.152246E+01    0.207827E+01    0.304304E+01    0.206020E+02
   46970.7853   12584.9666  0.644982E-01    0.846233E-01    0.100158E+00    0.113176E+00    0.125671E+00    0.138227E+00    0.149192E+00    0.159982E+00    0.170916E+00    0.182290E+00    0.300551E+00    0.443570E+00    0.622996E+00    0.848574E+00    0.113210E+01    0.150243E+01    0.204998E+01    0.299109E+01    0.177914E+02
   47342.7853   12684.6373  0.643039E-01    0.850265E-01    0.100922E+00    0.114121E+00    0.126588E+00    0.138617E+00    0.150150E+00    0.161056E+00    0.172428E+00    0.183294E+00    0.298490E+00    0.441614E+00    0.618813E+00    0.846810E+00    0.112971E+01    0.150348E+01    0.205694E+01    0.301521E+01    0.199974E+02
   47711.7853   12783.5041  0.638788E-01    0.836132E-01    0.100393E+00    0.113843E+00    0.126649E+00    0.138163E+00    0.148930E+00    0.159948E+00    0.171385E+00    0.182439E+00    0.297884E+00    0.437213E+00    0.615369E+00    0.839235E+00    0.112394E+01    0.150502E+01    0.205552E+01    0.302303E+01    0.208560E+02
   48083.7853   12883.1747  0.644331E-01    0.847931E-01    0.100231E+00    0.113198E+00    0.125736E+00    0.137275E+00    0.148636E+00    0.159381E+00    0.170822E+00    0.181378E+00    0.294486E+00    0.435353E+00    0.612607E+00    0.837888E+00    0.112527E+01    0.150842E+01    0.206010E+01    0.302123E+01    0.195383E+02
   48455.7853   12982.8454  0.643591E-01    0.845320E-01    0.991630E-01    0.112559E+00    0.124456E+00    0.136261E+00    0.147820E+00    0.158620E+00    0.169158E+00    0.180595E+00    0.294808E+00    0.435947E+00    0.611205E+00    0.835031E+00    0.112079E+01    0.149544E+01    0.203702E+01    0.294596E+01    0.167264E+02
   48827.7853   13082.5160  0.631808E-01    0.825297E-01    0.979474E-01    0.111869E+00    0.124073E+00    0.135188E+00    0.145621E+00    0.156306E+00    0.167527E+00    0.177641E+00    0.293851E+00    0.435117E+00    0.614073E+00    0.837137E+00    0.112239E+01    0.150343E+01    0.204567E+01    0.299274E+01    0.187324E+02
   49199.7853   13182.1866  0.636011E-01    0.834772E-01    0.986658E-01    0.111622E+00    0.123654E+00    0.135319E+00    0.146524E+00    0.157038E+00    0.167386E+00    0.178885E+00    0.294451E+00    0.432014E+00    0.607683E+00    0.832091E+00    0.111763E+01    0.149514E+01    0.204081E+01    0.299500E+01    0.199652E+02
   49568.7853   13281.0534  0.627000E-01    0.830375E-01    0.979172E-01    0.110942E+00    0.123701E+00    0.135638E+00    0.147243E+00    0.159005E+00    0.169255E+00    0.179640E+00    0.292418E+00    0.432281E+00    0.610076E+00    0.830743E+00    0.111779E+01    0.149450E+01    0.203707E+01    0.300196E+01    0.184128E+02
   49940.7853   13380.7241  0.631928E-01    0.828885E-01    0.978338E-01    0.111294E+00    0.123095E+00    0.133842E+00    0.145166E+00    0.155275E+00    0.165109E+00    0.175944E+00    0.289771E+00    0.429297E+00    0.603815E+00    0.824542E+00    0.110560E+01    0.147728E+01    0.200804E+01    0.293045E+01    0.157318E+02
   50312.7853   13480.3947  0.633967E-01    0.825866E-01    0.978325E-01    0.111308E+00    0.123090E+00    0.134599E+00    0.145519E+00    0.156734E+00    0.167133E+00    0.177070E+00    0.288068E+00    0.425594E+00    0.599469E+00    0.821649E+00    0.110983E+01    0.148944E+01    0.202832E+01    0.296168E+01    0.175352E+02
   50386.0353   13500.0207  0.623960E-01    0.834234E-01    0.982582E-01    0.110747E+00    0.122350E+00    0.134222E+00    0.144959E+00    0.155988E+00    0.166554E+00    0.177168E+00    0.288967E+00    0.427971E+00    0.601236E+00    0.824710E+00    0.110898E+01    0.148594E+01    0.202513E+01    0.295234E+01    0.239333E+02
