 -2006.738    420.015  -5179.157  -2124.700    139.323    -88.172     54.323  254.2677503  -63.8982177   9.56684   -5.8965   -5.6869   51.8509
 -2004.100    793.545  -5393.789  -1960.918    137.346    -70.910     66.907  249.5039664  -65.2896074   9.35245   -6.3608   -4.9044   56.6513
 -2001.365   1173.381  -5567.042  -1756.760    134.135    -53.001     78.952  243.9386788  -66.2899393   9.11827   -6.7866   -3.9821   60.9778
 -1998.581   1549.374  -5691.961  -1515.586    129.714    -34.712     90.254  237.8177597  -66.7922085   8.86759   -7.1163   -2.9497   64.7432
 -1996.247   1853.578  -5756.441  -1289.661    125.140    -19.323     99.012  232.5729420  -66.7793759   8.64859   -7.2815   -2.0487   67.4394
 -1994.351   2092.233  -5781.740  -1091.083    120.841     -6.751    105.663  228.3996107  -66.4661365   8.46496   -7.3312   -1.3208   69.3542
 -1992.778   2283.428  -5784.179   -916.945    116.877      3.726    110.851  225.0965763  -65.9986663   8.30924   -7.3146   -0.7377   70.7747
 -1991.456   2439.037  -5773.162   -764.258    113.260     12.578    114.967  222.4791827  -65.4608830   8.17614   -7.2622   -0.2709   71.8664
 -1990.332   2567.378  -5754.359   -630.168    109.976     20.138    118.268  220.3934041  -64.9010620   8.06157   -7.1922    0.1043   72.7309
 -1989.363   2674.869  -5731.169   -511.659    106.990     26.679    120.935  218.7118402  -64.3443869   7.96194   -7.1148    0.4088   73.4356
