0.7          20     -0.6961     0.04502          74     -0.1279     0.08659
0.8          16     -0.5601     0.06884          31     -0.2729     0.09582
0.9          18      -0.709     0.04607          42      -0.341     0.07037
1          23     -0.8025     0.03286          35     -0.6202     0.04053
1.1          30     -0.8871     0.02368          79     -0.4666     0.03842
1.2          63     -0.7649     0.02165          89     -0.6148     0.02573
1.3          90       -0.81     0.01633         106     -0.7389     0.01772
1.4         159     -0.7628     0.01369         141      -0.815     0.01289
1.5         196      -0.872    0.009592         213     -0.8358    0.009999
1.6         299     -0.8886    0.007475         254     -0.9594     0.00689
1.7         419      -0.942    0.005583         344      -1.028    0.005059
1.8         520      -1.048    0.003924         376      -1.189    0.003337
1.9         553      -1.222    0.002554         526      -1.243     0.00249
  2         723      -1.305    0.001842         565      -1.412    0.001629  