       -0.22       0.554       0.554      0.0792      1
        0.12       0.462       0.462      0.0312      1
        0.33       0.478       0.478      0.0504      1
        0.52       0.366       0.366      0.0332      1
        0.73       0.194       0.194       0.028      1
        1.01      -0.098      -0.098      0.0232      1
        1.17      -0.222      -0.222        0.02      1
         1.3      -0.186      -0.186      0.0236      1
         1.4      -0.374      -0.374      0.0268      1
        1.48       -0.45       -0.45      0.0204      1
        1.55      -0.482      -0.482      0.0196      1
         1.6      -0.538      -0.538      0.0168      1
        1.65      -0.554      -0.554      0.0172      1
         1.7      -0.638      -0.638       0.014      1
        1.74       -0.67       -0.67      0.0152      1
        1.78       -0.71       -0.71      0.0164      1
        1.81       -0.77       -0.77      0.0144      1
        1.85       -0.85       -0.85      0.0172      1
