0.000000   1357.731000   -5628.290000   -1638.512000   131.881600   -43.679100   84.712600   
11600.264307   4908.922964   -2648.426206   -2649.754420   40.814671   117.106906   71.948129   
11699.720031   -4849.664489   -2333.666581   -3158.499970   94.478479   -95.363742   8.014736   
11799.175755   889.225105   5733.536031   -2170.820128   -125.934516   -43.955869   -65.062295   
11898.631479   4760.748768   -3842.460786   306.846098   42.720818   108.976629   -130.425090   
11998.087203   -5334.928882   -1948.070298   2507.959538   55.481583   -107.758025   -77.136330   
12097.542927   1450.913923   5209.108812   3195.488827   -131.494304   -1.381690   -14.175401   
12196.998651   3666.945011   -4462.565496   2378.332983   54.267005   120.207245   56.852550   
12296.454375   -6092.386906   -960.582414   40.709377   53.893752   -103.603734   130.746000   
12395.910099   2128.118861   5375.964073   -2341.148260   -113.935842   33.103615   82.388720   
12495.365824   2979.128463   -4551.653455   -3210.313694   88.908742   93.410420   20.144092   
12594.821548   -5741.228827   227.447248   -2566.340587   48.804623   -120.891175   -49.074237   
12694.277272   3389.533489   5187.454698   -391.279929   -113.482271   27.814825   -124.304188   
12793.732996   2641.481640   -5256.568743   2149.072968   100.263397   59.028229   -87.745209   
12893.188720   -5426.428328   763.851793   3202.313763   4.828511   -126.538424   -25.971856   
12992.644444   3958.445811   4120.229130   2734.019897   -119.579975   48.065967   41.692457   
13092.100168   1579.372361   -6001.463415   729.927345   96.338138   66.351427   115.803653   
13191.555892   -5773.701775   1559.045368   -1931.616995   -25.046300   -111.525522   93.240967   
13291.011616   4186.601430   3609.042765   -3170.935406   -92.446457   83.437655   31.710308   
13391.275923   557.243371   -5618.049934   -2907.834142   115.981096   56.305436   -31.136753   
13490.731647   -5516.863287   2746.356109   -1139.357111   -10.313090   -118.661633   -104.484056  
