#         r        sdens      sdensc      error
       2.025     -1.937      -1.937    0.001192
       2.075      -1.95       -1.95    0.001047
       2.125     -1.949      -1.949    0.000934
       2.175      -1.98       -1.98   0.0008033
       2.225      -1.95       -1.95   0.0007406
       2.275     -1.973      -1.973   0.0006435
       2.325     -2.077      -2.077   0.0005083
       2.375     -2.069      -2.069   0.0004576
       2.425     -2.096      -2.096    0.000395
       2.475     -2.214      -2.214   0.0003076
       2.525     -2.239      -2.239   0.0002662
       2.575     -2.325      -2.325   0.0002148
       2.625     -2.424      -2.424    0.000171
       2.675     -2.515      -2.515   0.0001372
       2.725       -2.7        -2.7   9.886e-05
       2.775     -2.773      -2.773   8.099e-05
       2.825     -2.886      -2.886   6.336e-05
       2.875     -2.951      -2.951   5.238e-05
       2.925       -3.1        -3.1   3.936e-05
       2.975     -3.288      -3.288   2.824e-05
       3.025     -3.466      -3.466    2.05e-05
       3.075     -3.709      -3.709   1.381e-05
       3.125      -3.85       -3.85   1.046e-05
       3.175     -4.161      -4.161   6.521e-06
       3.225     -4.351      -4.352   4.669e-06
       3.275     -4.625      -4.625   3.036e-06
       3.325     -5.005      -5.006   1.747e-06
       3.375     -5.268       -5.27   1.151e-06
       3.425     -6.011      -6.022   4.357e-07
       3.475     -5.907      -5.915   4.377e-07
       3.525     -5.956      -5.965   3.688e-07
       3.575     -6.408      -6.434   1.953e-07
       3.625     -6.508      -6.541   1.551e-07
       3.675     -6.909      -6.995   8.713e-08
       3.725     -6.532      -6.566   1.199e-07
       3.775     -7.109       -7.25   5.498e-08
       3.825     -6.607      -6.647   8.734e-08
       3.875     -6.911      -6.995   5.485e-08
       3.925     -6.807      -6.871   5.511e-08
       3.975     -7.208       -7.39   3.095e-08
       4.025     -7.132      -7.279   3.011e-08
       4.075     -6.873      -6.967   3.866e-08
       4.125     -6.906      -7.023   3.442e-08
       4.175     -7.127      -7.424    2.64e-08
       4.225     -7.094      -7.456   2.684e-08
       4.275     -6.941      -7.241   3.177e-08
       4.325     -6.841      -7.232   3.851e-08
       4.375     -6.958      -8.401   3.321e-08
       4.425     -6.886      -8.297   3.472e-08
       4.475     -6.697      -7.244   4.098e-08
       4.525     -6.637      -7.182   4.208e-08
       4.575      -6.64      -7.342   3.927e-08
       4.625     -6.639      -7.871   3.775e-08
