  1.824  18.11  18.73  -0.61
  1.824  18.20  18.73  -0.53
  1.824  18.53  18.73  -0.20
  1.824  18.56  18.73  -0.17
  1.824  18.70  18.73  -0.03
  1.826  18.62  18.74  -0.11
  1.871  18.70  18.89  -0.19
  1.871  18.76  18.89  -0.13
  1.871  18.94  18.89   0.05
  1.871  19.00  18.89   0.12
  1.901  19.10  18.99   0.11
  1.911  18.55  19.03  -0.48
  1.911  18.64  19.03  -0.38
  1.911  18.98  19.03  -0.05
  1.911  19.08  19.03   0.05
  1.911  19.12  19.03   0.10
  1.958  19.05  19.20  -0.14
  1.958  19.07  19.20  -0.12
  1.958  19.22  19.20   0.03
  1.958  19.26  19.20   0.07
  1.968  19.31  19.24   0.08
  1.984  19.29  19.30   0.00
  1.998  19.35  19.35   0.00
  1.998  19.37  19.35   0.02
  1.998  19.44  19.35   0.09
  1.998  19.47  19.35   0.13
  1.998  19.53  19.35   0.18
  2.045  20.16  19.53   0.63
  2.045  20.20  19.53   0.66
  2.045  20.33  19.53   0.80
  2.045  20.36  19.53   0.83
  2.076  19.95  19.66   0.29
  2.079  19.44  19.67  -0.23
  2.085  19.35  19.70  -0.34
  2.085  19.98  19.70   0.29
  2.085  20.20  19.70   0.50
  2.085  20.46  19.70   0.76
  2.085  20.66  19.70   0.96
  2.109  20.07  19.80   0.27
  2.126  19.61  19.87  -0.27
  2.126  19.83  19.87  -0.05
  2.126  19.84  19.87  -0.04
  2.132  19.44  19.90  -0.45
  2.132  19.71  19.90  -0.19
  2.132  20.30  19.90   0.41
  2.132  20.40  19.90   0.51
  2.162  19.86  20.03  -0.17
  2.172  20.88  20.07   0.81
  2.172  20.89  20.07   0.82
  2.172  21.66  20.07   1.59
  2.172  21.73  20.07   1.65
  2.185  19.76  20.13  -0.38
  2.219  21.68  20.29   1.39
  2.219  22.44  20.29   2.15
  2.233  20.36  20.36   0.00
  2.233  20.36  20.36   0.01
  2.233  20.54  20.36   0.18
  2.251  20.85  20.44   0.41
  2.255  20.28  20.46  -0.18
  2.269  20.77  20.53   0.24
  2.319  20.85  20.78   0.07
  2.319  21.12  20.78   0.34
  2.319  21.14  20.78   0.36
  2.327  20.43  20.82  -0.38
  2.358  21.18  20.98   0.21
  2.377  20.73  21.08  -0.35
  2.380  21.03  21.09  -0.06
  2.392  21.04  21.16  -0.12
  2.392  21.09  21.16  -0.06
  2.392  21.14  21.16  -0.02
  2.434  21.02  21.39  -0.37
  2.444  21.55  21.44   0.11
  2.453  21.41  21.49  -0.08
  2.453  21.58  21.49   0.09
  2.453  21.62  21.49   0.13
  2.463  21.12  21.55  -0.43
  2.507  21.47  21.80  -0.34
  2.507  21.67  21.80  -0.13
  2.507  21.76  21.80  -0.04
  2.516  22.03  21.86   0.17
  2.520  21.66  21.88  -0.22
  2.540  21.95  22.00  -0.05
  2.553  21.97  22.08  -0.11
  2.556  21.75  22.10  -0.35
  2.556  22.04  22.10  -0.06
  2.556  22.07  22.10  -0.03
  2.578  22.45  22.23   0.22
  2.592  22.33  22.32   0.01
  2.599  22.34  22.36  -0.02
  2.599  22.43  22.36   0.06
  2.599  22.48  22.36   0.12
  2.632  22.75  22.57   0.18
  2.638  22.65  22.61   0.04
  2.638  22.67  22.61   0.06
  2.638  22.83  22.61   0.22
  2.639  22.27  22.62  -0.34
  2.654  22.74  22.72   0.02
  2.675  22.39  22.86  -0.47
  2.675  22.71  22.86  -0.14
  2.675  22.85  22.86  -0.01
  2.681  22.79  22.90  -0.10
  2.682  22.86  22.90  -0.04
  2.708  22.70  23.08  -0.38
  2.708  23.05  23.08  -0.03
  2.708  23.14  23.08   0.07
  2.708  23.20  23.08   0.12
  2.724  23.13  23.19  -0.06
  2.754  23.42  23.40   0.03
  2.754  23.68  23.40   0.29
  2.754  24.17  23.40   0.77
  2.756  23.42  23.41   0.01
  2.763  23.29  23.46  -0.17
  2.790  23.66  23.65   0.01
  2.800  23.86  23.72   0.14
  2.800  23.97  23.72   0.25
  2.833  24.07  23.97   0.10
  2.839  24.12  24.01   0.11
  2.864  24.20  24.20   0.00
  2.875  24.02  24.28  -0.27
  2.876  24.42  24.29   0.12
  2.893  24.03  24.42  -0.39
  2.925  24.96  24.67   0.28
  2.933  24.59  24.74  -0.15
  2.948  25.07  24.86   0.21
  2.982  25.25  25.13   0.12
