       0.0000       0.0000  0.425426E-01    0.680315E-01    0.886144E-01    0.104900E+00    0.120346E+00    0.135550E+00    0.149696E+00    0.164102E+00    0.179064E+00    0.194159E+00    0.346990E+00    0.524329E+00    0.738571E+00    0.999890E+00    0.133710E+01    0.179794E+01    0.250292E+01    0.388015E+01    0.943791E+01
     297.0000     100.0022  0.210071E-01    0.288222E-01    0.356342E-01    0.422198E-01    0.487504E-01    0.554282E-01    0.623629E-01    0.694869E-01    0.768314E-01    0.839452E-01    0.169631E+00    0.283434E+00    0.438166E+00    0.644033E+00    0.930563E+00    0.133563E+01    0.197622E+01    0.327297E+01    0.195911E+02
     594.0000     200.0044  0.211772E-01    0.290470E-01    0.357406E-01    0.428492E-01    0.490941E-01    0.558664E-01    0.628237E-01    0.695591E-01    0.767639E-01    0.839402E-01    0.169306E+00    0.285175E+00    0.442522E+00    0.654455E+00    0.947220E+00    0.135650E+01    0.199172E+01    0.322553E+01    0.939535E+01
     888.0000     298.9964  0.213379E-01    0.296011E-01    0.366927E-01    0.434793E-01    0.500779E-01    0.567340E-01    0.631960E-01    0.700958E-01    0.776905E-01    0.847521E-01    0.171708E+00    0.289474E+00    0.449979E+00    0.668096E+00    0.970339E+00    0.139798E+01    0.206354E+01    0.335942E+01    0.122442E+02
    1185.0000     398.9986  0.216978E-01    0.300846E-01    0.371384E-01    0.436085E-01    0.500143E-01    0.571208E-01    0.640175E-01    0.709042E-01    0.777717E-01    0.850155E-01    0.173096E+00    0.293641E+00    0.456038E+00    0.680102E+00    0.983318E+00    0.141998E+01    0.209115E+01    0.339390E+01    0.224863E+02
    1479.0000     497.9907  0.224478E-01    0.308778E-01    0.381197E-01    0.446084E-01    0.508077E-01    0.575671E-01    0.644113E-01    0.713776E-01    0.786807E-01    0.861386E-01    0.172583E+00    0.292247E+00    0.456419E+00    0.679910E+00    0.987431E+00    0.142197E+01    0.210343E+01    0.337072E+01    0.242398E+02
    1776.0000     597.9928  0.227472E-01    0.308514E-01    0.377984E-01    0.441771E-01    0.507805E-01    0.575321E-01    0.639316E-01    0.707401E-01    0.778063E-01    0.853601E-01    0.173105E+00    0.290900E+00    0.455423E+00    0.677678E+00    0.988348E+00    0.141857E+01    0.207999E+01    0.330218E+01    0.186660E+02
    2070.0000     696.9849  0.227757E-01    0.312007E-01    0.379865E-01    0.448453E-01    0.513604E-01    0.576759E-01    0.643922E-01    0.710830E-01    0.780825E-01    0.853862E-01    0.171847E+00    0.289901E+00    0.451891E+00    0.676804E+00    0.984708E+00    0.141931E+01    0.208105E+01    0.326795E+01    0.110938E+02
    2367.0000     796.9871  0.232913E-01    0.318625E-01    0.391311E-01    0.459193E-01    0.526640E-01    0.593339E-01    0.660053E-01    0.725904E-01    0.798393E-01    0.866197E-01    0.171758E+00    0.289226E+00    0.451746E+00    0.675918E+00    0.979744E+00    0.141673E+01    0.205869E+01    0.318583E+01    0.879487E+01
    2661.0000     895.9791  0.239664E-01    0.321218E-01    0.392845E-01    0.460272E-01    0.524492E-01    0.589472E-01    0.654779E-01    0.722009E-01    0.791307E-01    0.862133E-01    0.170832E+00    0.289534E+00    0.452926E+00    0.678613E+00    0.987977E+00    0.143084E+01    0.209313E+01    0.327332E+01    0.176332E+02
    2958.0000     995.9813  0.241874E-01    0.329083E-01    0.399683E-01    0.466251E-01    0.532226E-01    0.597639E-01    0.660031E-01    0.727677E-01    0.793931E-01    0.864121E-01    0.169855E+00    0.286631E+00    0.446280E+00    0.668508E+00    0.974348E+00    0.140536E+01    0.206535E+01    0.321630E+01    0.215817E+02
    3252.0000    1094.9734  0.246737E-01    0.333893E-01    0.406451E-01    0.471997E-01    0.534385E-01    0.598715E-01    0.665847E-01    0.732337E-01    0.802207E-01    0.873806E-01    0.169477E+00    0.283593E+00    0.441167E+00    0.663245E+00    0.969634E+00    0.140656E+01    0.206438E+01    0.320896E+01    0.225911E+02
    3549.0000    1194.9755  0.254186E-01    0.343359E-01    0.414045E-01    0.478219E-01    0.543330E-01    0.605678E-01    0.671077E-01    0.735362E-01    0.801885E-01    0.871455E-01    0.167459E+00    0.279288E+00    0.435912E+00    0.656457E+00    0.961814E+00    0.139534E+01    0.203850E+01    0.315167E+01    0.147203E+02
    3843.0000    1293.9676  0.247523E-01    0.338696E-01    0.411072E-01    0.479441E-01    0.540169E-01    0.602872E-01    0.666425E-01    0.735014E-01    0.798784E-01    0.866337E-01    0.165070E+00    0.274453E+00    0.428712E+00    0.643638E+00    0.941756E+00    0.136392E+01    0.198769E+01    0.305811E+01    0.749908E+01
    4140.0000    1393.9698  0.257018E-01    0.348288E-01    0.419855E-01    0.485220E-01    0.550138E-01    0.615157E-01    0.676412E-01    0.742183E-01    0.808847E-01    0.874029E-01    0.165258E+00    0.274776E+00    0.428455E+00    0.642878E+00    0.938147E+00    0.136108E+01    0.200137E+01    0.308916E+01    0.149397E+02
    4434.0000    1492.9618  0.256276E-01    0.346277E-01    0.420314E-01    0.486851E-01    0.551159E-01    0.617219E-01    0.681568E-01    0.747408E-01    0.813992E-01    0.879631E-01    0.164985E+00    0.273178E+00    0.423594E+00    0.634823E+00    0.928620E+00    0.135505E+01    0.199379E+01    0.309089E+01    0.232635E+02
    4731.0000    1592.9640  0.260596E-01    0.346733E-01    0.420633E-01    0.489627E-01    0.555994E-01    0.621925E-01    0.685642E-01    0.749849E-01    0.812628E-01    0.875080E-01    0.164346E+00    0.270515E+00    0.418851E+00    0.628383E+00    0.924138E+00    0.134421E+01    0.197481E+01    0.305715E+01    0.250344E+02
    5025.0000    1691.9561  0.260436E-01    0.349560E-01    0.424249E-01    0.494581E-01    0.559199E-01    0.620596E-01    0.681665E-01    0.745465E-01    0.805549E-01    0.873809E-01    0.162311E+00    0.266783E+00    0.414865E+00    0.622243E+00    0.910739E+00    0.132450E+01    0.195206E+01    0.302309E+01    0.180527E+02
    5322.0000    1791.9582  0.265191E-01    0.353376E-01    0.428549E-01    0.496312E-01    0.560419E-01    0.622449E-01    0.688291E-01    0.751739E-01    0.811114E-01    0.880252E-01    0.162285E+00    0.263798E+00    0.409289E+00    0.611874E+00    0.896057E+00    0.130293E+01    0.191873E+01    0.294668E+01    0.849658E+01
    5616.0000    1890.9503  0.268551E-01    0.361628E-01    0.433804E-01    0.501959E-01    0.564737E-01    0.628026E-01    0.690345E-01    0.750004E-01    0.810521E-01    0.876543E-01    0.160819E+00    0.261363E+00    0.404554E+00    0.607525E+00    0.893498E+00    0.130143E+01    0.191980E+01    0.296188E+01    0.138900E+02
    5913.0000    1990.9525  0.271646E-01    0.363989E-01    0.438177E-01    0.507410E-01    0.570675E-01    0.632538E-01    0.692918E-01    0.753639E-01    0.816847E-01    0.879153E-01    0.160389E+00    0.260524E+00    0.403209E+00    0.604666E+00    0.886697E+00    0.129331E+01    0.190067E+01    0.294944E+01    0.236201E+02
    6207.0000    2089.9445  0.271993E-01    0.362696E-01    0.436263E-01    0.506341E-01    0.566384E-01    0.628037E-01    0.691925E-01    0.755495E-01    0.815828E-01    0.878156E-01    0.161275E+00    0.260020E+00    0.398421E+00    0.598611E+00    0.877889E+00    0.128146E+01    0.188562E+01    0.290589E+01    0.254830E+02
    6504.0000    2189.9467  0.280282E-01    0.371562E-01    0.447662E-01    0.514975E-01    0.575334E-01    0.638133E-01    0.699399E-01    0.761452E-01    0.823395E-01    0.883243E-01    0.159787E+00    0.258621E+00    0.397226E+00    0.592642E+00    0.870914E+00    0.126215E+01    0.186579E+01    0.288645E+01    0.187749E+02
    6798.0000    2288.9388  0.276349E-01    0.365271E-01    0.442780E-01    0.508570E-01    0.572059E-01    0.632761E-01    0.694441E-01    0.756017E-01    0.814154E-01    0.874940E-01    0.158766E+00    0.256523E+00    0.392817E+00    0.586319E+00    0.859220E+00    0.125592E+01    0.184678E+01    0.284973E+01    0.928323E+01
    7095.0000    2388.9409  0.279062E-01    0.372046E-01    0.450257E-01    0.515650E-01    0.577967E-01    0.637562E-01    0.698890E-01    0.758963E-01    0.819754E-01    0.885318E-01    0.158048E+00    0.254599E+00    0.387294E+00    0.578060E+00    0.845284E+00    0.123821E+01    0.183337E+01    0.283102E+01    0.120361E+02
    7389.0000    2487.9330  0.281621E-01    0.374825E-01    0.451056E-01    0.518015E-01    0.582715E-01    0.641730E-01    0.702799E-01    0.763257E-01    0.821538E-01    0.883465E-01    0.157788E+00    0.252046E+00    0.384677E+00    0.571260E+00    0.839531E+00    0.123249E+01    0.182042E+01    0.281405E+01    0.213533E+02
    7686.0000    2587.9352  0.285356E-01    0.379719E-01    0.452587E-01    0.520056E-01    0.582978E-01    0.644101E-01    0.701678E-01    0.763100E-01    0.822145E-01    0.882671E-01    0.156895E+00    0.250643E+00    0.380770E+00    0.565465E+00    0.831532E+00    0.121640E+01    0.179416E+01    0.278491E+01    0.238754E+02
    7980.0000    2686.9272  0.286310E-01    0.376344E-01    0.450368E-01    0.515847E-01    0.580052E-01    0.641293E-01    0.702253E-01    0.764755E-01    0.824195E-01    0.882426E-01    0.156055E+00    0.248044E+00    0.377219E+00    0.558552E+00    0.816920E+00    0.119908E+01    0.177245E+01    0.274633E+01    0.182473E+02
    8277.0000    2786.9294  0.285290E-01    0.374124E-01    0.448259E-01    0.514387E-01    0.581582E-01    0.643707E-01    0.702667E-01    0.762059E-01    0.821732E-01    0.880027E-01    0.155568E+00    0.247883E+00    0.376145E+00    0.553397E+00    0.807006E+00    0.118459E+01    0.175064E+01    0.271316E+01    0.993754E+01
    8571.0000    2885.9215  0.282603E-01    0.379244E-01    0.458402E-01    0.524613E-01    0.584028E-01    0.646320E-01    0.709127E-01    0.768135E-01    0.827090E-01    0.885482E-01    0.154896E+00    0.246211E+00    0.372974E+00    0.549151E+00    0.804712E+00    0.117737E+01    0.174202E+01    0.269587E+01    0.839972E+01
    8868.0000    2985.9237  0.283213E-01    0.380439E-01    0.453075E-01    0.519531E-01    0.580362E-01    0.638678E-01    0.697145E-01    0.758303E-01    0.815386E-01    0.878017E-01    0.153917E+00    0.245254E+00    0.370836E+00    0.546078E+00    0.798336E+00    0.117723E+01    0.174290E+01    0.272349E+01    0.178030E+02
    9162.0000    3084.9157  0.297032E-01    0.387116E-01    0.458318E-01    0.524633E-01    0.584834E-01    0.647089E-01    0.706616E-01    0.766812E-01    0.824793E-01    0.882050E-01    0.154693E+00    0.244264E+00    0.366676E+00    0.543351E+00    0.795408E+00    0.116141E+01    0.172010E+01    0.266891E+01    0.206392E+02
    9459.0000    3184.9179  0.305019E-01    0.396956E-01    0.466956E-01    0.532433E-01    0.594443E-01    0.654757E-01    0.712470E-01    0.771370E-01    0.829654E-01    0.890339E-01    0.154525E+00    0.242136E+00    0.364941E+00    0.536093E+00    0.785969E+00    0.115446E+01    0.171447E+01    0.267663E+01    0.204416E+02
    9753.0000    3283.9099  0.295887E-01    0.392064E-01    0.464215E-01    0.529306E-01    0.593460E-01    0.656573E-01    0.713735E-01    0.768312E-01    0.823808E-01    0.884589E-01    0.153971E+00    0.241413E+00    0.363533E+00    0.533070E+00    0.779022E+00    0.114584E+01    0.169554E+01    0.264608E+01    0.141237E+02
   10050.0000    3383.9121  0.299121E-01    0.393207E-01    0.464630E-01    0.530732E-01    0.592910E-01    0.650973E-01    0.708898E-01    0.768836E-01    0.828422E-01    0.887382E-01    0.152834E+00    0.238199E+00    0.356804E+00    0.524527E+00    0.766358E+00    0.112537E+01    0.167151E+01    0.258074E+01    0.694927E+01
   10344.0000    3482.9042  0.301946E-01    0.396026E-01    0.470532E-01    0.535858E-01    0.596792E-01    0.656395E-01    0.714431E-01    0.770788E-01    0.828238E-01    0.884279E-01    0.152242E+00    0.238154E+00    0.357107E+00    0.522722E+00    0.762535E+00    0.112541E+01    0.166380E+01    0.259978E+01    0.137369E+02
   10641.0000    3582.9064  0.297644E-01    0.390526E-01    0.468586E-01    0.531584E-01    0.594507E-01    0.653564E-01    0.710792E-01    0.767197E-01    0.824079E-01    0.880192E-01    0.152328E+00    0.237955E+00    0.354868E+00    0.522220E+00    0.761420E+00    0.111886E+01    0.166583E+01    0.260780E+01    0.216694E+02
   10935.0000    3681.8984  0.297159E-01    0.393282E-01    0.467600E-01    0.531727E-01    0.592874E-01    0.651961E-01    0.707801E-01    0.763269E-01    0.818992E-01    0.874545E-01    0.151213E+00    0.235725E+00    0.353181E+00    0.518344E+00    0.756656E+00    0.110918E+01    0.165226E+01    0.259391E+01    0.239378E+02
   11232.0000    3781.9006  0.303556E-01    0.397584E-01    0.469975E-01    0.537443E-01    0.598156E-01    0.655320E-01    0.711154E-01    0.766814E-01    0.826539E-01    0.882733E-01    0.150339E+00    0.232793E+00    0.348392E+00    0.512293E+00    0.748504E+00    0.110125E+01    0.164212E+01    0.257093E+01    0.171636E+02
   11526.0000    3880.8927  0.292986E-01    0.389194E-01    0.466933E-01    0.535169E-01    0.595982E-01    0.653570E-01    0.710380E-01    0.764969E-01    0.822649E-01    0.880662E-01    0.149420E+00    0.232834E+00    0.348381E+00    0.508455E+00    0.739740E+00    0.109034E+01    0.162335E+01    0.253823E+01    0.829704E+01
   11823.0000    3980.8948  0.304347E-01    0.403347E-01    0.477541E-01    0.544005E-01    0.604331E-01    0.663967E-01    0.719383E-01    0.772607E-01    0.827640E-01    0.884715E-01    0.149219E+00    0.231510E+00    0.344859E+00    0.506176E+00    0.742780E+00    0.108605E+01    0.162327E+01    0.253878E+01    0.133269E+02
   11879.7812    4000.0135  0.307657E-01    0.400711E-01    0.472655E-01    0.538017E-01    0.599370E-01    0.657605E-01    0.716005E-01    0.774468E-01    0.827661E-01    0.883045E-01    0.149658E+00    0.232955E+00    0.346068E+00    0.506843E+00    0.738748E+00    0.107977E+01    0.161123E+01    0.251938E+01    0.198360E+02
