0.000000    56.183694    1.000000     1.000000
100.151592    44.269805    0.974306     0.965308
200.303184    35.575450    0.947672     0.930522
298.812947    49.094521    0.936025     0.915565
398.964539    58.081641    0.924198     0.900184
499.116131    57.013788    0.913038     0.885767
597.625894    47.052196    0.902360     0.872278
697.777486    34.031652    0.890432     0.857116
796.287249    45.457722    0.882916     0.847481
896.438841    56.429975    0.875339     0.837703
996.590433    57.073922    0.868477     0.829045
1095.100196    48.844966    0.861312     0.819753
1195.251788    33.247913    0.853631     0.809909
1293.761551    40.032912    0.849098     0.804070
1393.913143    53.427412    0.843617     0.797186
1494.064735    56.729229    0.837473     0.789529
1592.574498    51.949803    0.832538     0.783360
1692.726090    37.088240    0.826802     0.776294
1791.235853    35.923575    0.821244     0.769319
1891.387445    50.581436    0.817598     0.764775
1991.539037    57.750347    0.813178     0.759224
2090.048800    55.314043    0.809310     0.754268
2190.200392    42.759781    0.805351     0.749311
2288.710155    34.779854    0.799791     0.742570
2388.861747    49.547955    0.796490     0.738449
2489.013339    58.226220    0.793218     0.734303
2587.523102    57.280397    0.789493     0.729748
2687.674694    46.615481    0.785982     0.725379
2786.184457    34.592675    0.781924     0.720379
2886.336049    46.875850    0.778821     0.716572
2986.487641    57.203184    0.775823     0.712926
3084.997404    57.708494    0.773256     0.709688
3185.148996    48.300230    0.770059     0.705714
3283.658758    33.931242    0.766706     0.701542
3383.810351    42.123200    0.764020     0.698170
3483.961943    54.742336    0.761120     0.694648
3582.471706    56.684016    0.758148     0.691023
3682.623298    50.417450    0.755308     0.687567
3781.133060    37.034097    0.752223     0.683749
3881.284653    36.442127    0.749438     0.680300
3981.436245    51.176714    0.746973     0.677205
4079.946007    57.064695    0.744411     0.674026
4180.097600    54.197858    0.742177     0.671289
4278.607362    42.816796    0.739671     0.668292
4378.758954    34.230900    0.736385     0.664255
4478.910547    49.534023    0.734335     0.661828
4577.420309    57.871484    0.732085     0.659054
4677.571901    56.785107    0.729713     0.656207
4776.081664    47.209237    0.727681     0.653693
4876.233256    34.750194    0.724681     0.650010
4976.384848    47.824937    0.722639     0.647550
5074.894611    57.156857    0.720658     0.645207
5175.046203    57.892591    0.718288     0.642437
5273.555966    49.456017    0.716388     0.640177
5373.707558    34.432603    0.713903     0.637232
5473.859150    43.961716    0.711845     0.634776
5572.368913    54.929826    0.709920     0.632454
5672.520505    57.468858    0.707988     0.630159
5771.030268    51.121093    0.705972     0.627735
5871.181860    36.307947    0.703899     0.625209
5971.333452    38.323911    0.702105     0.623122
6069.843215    51.376367    0.700290     0.620917
6169.994807    56.684152    0.698063     0.618351
6268.504570    53.967202    0.696296     0.616307
6368.656162    40.856593    0.694201     0.613785
6468.807754    34.334933    0.691927     0.611099
6567.317517    48.371522    0.690216     0.609081
6667.469109    57.504860    0.688503     0.607121
6767.620701    56.024116    0.686776     0.605051
6866.130464    46.051326    0.684904     0.602931
6966.282056    34.293272    0.682521     0.600128
7064.791819    47.032904    0.681027     0.598365
7164.943411    57.471850    0.679290     0.596357
7265.095003    57.773782    0.677620     0.594412
7363.604766    49.275514    0.675942     0.592445
7463.756358    34.902405    0.674035     0.590131
7562.266121    43.741542    0.672482     0.588269
7662.417713    55.876363    0.670758     0.586226
7762.569305    58.014028    0.669217     0.584375
7861.079068    50.482098    0.667614     0.582506
7961.230660    35.079562    0.665888     0.580528
8000.053084    54.959252    0.665228     0.579769
