       0.0000       0.0000 1  -0.319476E-02 -0.466203E-03  0.367911E-02 -0.233541E-03 -0.654649E-03 -0.127811E-03
       0.0000       0.0000 2  -0.384497E+03  0.829039E+03 -0.541480E+03 -0.971196E+01 -0.111845E+02  0.373540E+01
     183.0000     100.1516 1  -0.222288E-02  0.464860E-02 -0.707151E-02  0.391785E-03  0.159767E-02 -0.109623E-02
     183.0000     100.1516 2   0.586974E+03  0.221914E+03 -0.393001E+03 -0.208859E+02  0.131473E+02  0.301773E+01
     366.0000     200.3032 1  -0.199259E-01 -0.322007E-01 -0.182636E-01  0.867856E-02  0.306076E-01  0.884523E-02
     366.0000     200.3032 2   0.427430E+03 -0.277902E+02 -0.306772E+03  0.123358E+02  0.280963E+02  0.476084E+01
     546.0000     298.8129 1  -0.731595E-01  0.309446E-01 -0.414121E-01  0.215485E-01  0.708564E-02  0.181825E-01
     546.0000     298.8129 2   0.269190E+03 -0.723466E+03 -0.405454E+03  0.199414E+02 -0.770785E+01  0.104593E+01
     729.0000     398.9645 1   0.114067E-01  0.989043E-01 -0.229105E-01  0.762372E-03 -0.275994E-01  0.214946E-02
     729.0000     398.9645 2  -0.949532E+03 -0.159762E+03 -0.564421E+03 -0.172383E+01 -0.132986E+02 -0.824585E+00
     912.0000     499.1161 1   0.169984E+00  0.933892E-01  0.262530E-01 -0.517377E-01  0.166705E-01 -0.518771E-01
     912.0000     499.1161 2   0.153497E+03  0.954958E+03 -0.503717E+03 -0.137100E+02 -0.482410E+01 -0.185480E+01
    1092.0000     597.6259 1   0.211740E+00 -0.331922E+00  0.188693E+00  0.476554E-01  0.219951E+00 -0.280175E+00
    1092.0000     597.6259 2   0.730960E+03 -0.238351E+03 -0.301110E+03 -0.978572E+01  0.200893E+02 -0.669784E+01
    1275.0000     697.7775 1  -0.593064E+00 -0.392576E+00  0.231335E+00  0.820404E+00  0.632098E+00 -0.440570E+00
    1275.0000     697.7775 2   0.172554E+03 -0.363375E+03 -0.283595E+03  0.261487E+02  0.165179E+02 -0.895150E+01
    1455.0000     796.2872 1  -0.381330E+00  0.507290E+00  0.210300E+00  0.772415E+00 -0.133144E+00 -0.524929E-02
    1455.0000     796.2872 2  -0.217388E+03 -0.617294E+03 -0.408181E+03  0.136007E+02 -0.181997E+02 -0.765295E+01
    1638.0000     896.4388 1   0.258306E+00  0.380098E+00  0.308218E+00  0.410582E-01 -0.434401E+00 -0.121991E+00
    1638.0000     896.4388 2  -0.845206E+03  0.435672E+03 -0.499078E+03 -0.931224E+01 -0.981410E+01 -0.691589E+01
    1821.0000     996.5904 1   0.528814E+00 -0.464139E-02  0.616815E+00 -0.351743E+00  0.126507E+00 -0.708635E+00
    1821.0000     996.5904 2   0.716131E+03  0.790385E+03 -0.318833E+03 -0.122210E+02  0.376006E+01 -0.825415E+01
    2001.0000    1095.1002 1  -0.805790E-01 -0.851865E+00  0.118937E+01  0.657396E+00  0.557691E+00 -0.217702E+01
    2001.0000    1095.1002 2   0.550473E+03 -0.695103E+03 -0.235906E+02  0.366895E+01  0.178060E+02 -0.153174E+02
    2184.0000    1195.2518 1  -0.157998E+01  0.187826E+00  0.149456E+01  0.225495E+01 -0.539684E+00 -0.326914E+01
    2184.0000    1195.2518 2  -0.226992E+03 -0.412501E+03 -0.625678E+02  0.277438E+02 -0.399865E+01 -0.206746E+02
    2364.0000    1293.7616 1  -0.661016E-01  0.153993E+01  0.129448E+01  0.870022E+00 -0.202472E+01 -0.253193E+01
    2364.0000    1293.7616 2  -0.524421E+03 -0.269216E+03 -0.253341E+03 -0.804007E-01 -0.235949E+02 -0.158952E+02
    2547.0000    1393.9131 1   0.880620E+00  0.179498E+00  0.141153E+01 -0.956327E+00 -0.866629E+00 -0.231193E+01
    2547.0000    1393.9131 2  -0.460079E+03  0.857555E+03 -0.275918E+03 -0.138948E+02 -0.948584E+00 -0.122165E+02
    2730.0000    1494.0647 1   0.351653E+00 -0.645699E+00  0.193703E+01 -0.251280E+00  0.106686E+01 -0.296480E+01
    2730.0000    1494.0647 2   0.106782E+04  0.337248E+03  0.181382E+02 -0.438808E+01  0.101816E+02 -0.130543E+02
    2910.0000    1592.5745 1  -0.113016E+01 -0.658260E+00  0.176982E+01  0.196615E+01  0.976511E-01 -0.301151E+01
    2910.0000    1592.5745 2   0.854698E+02 -0.910392E+03  0.305514E+03  0.128006E+02  0.817158E+01 -0.124397E+02
    3093.0000    1692.7261 1  -0.151917E+01  0.214364E+01  0.216229E+01  0.163401E+01 -0.347390E+01 -0.400068E+01
    3093.0000    1692.7261 2  -0.507315E+03 -0.123492E+03  0.222582E+03  0.151542E+02 -0.206589E+02 -0.168582E+02
    3273.0000    1791.2359 1   0.204698E+01  0.205335E+01  0.294278E+01 -0.292880E+01 -0.328057E+01 -0.517490E+01
    3273.0000    1791.2359 2  -0.510433E+03  0.148903E+03  0.327468E+02 -0.186803E+02 -0.187497E+02 -0.203916E+02
    3456.0000    1891.3874 1   0.129295E+01 -0.138584E+01  0.271925E+01 -0.269714E+01  0.173974E+01 -0.425493E+01
    3456.0000    1891.3874 2   0.601832E+02  0.943990E+03  0.693872E+02 -0.123487E+02  0.115484E+02 -0.137927E+02
    3639.0000    1991.5390 1  -0.868927E+00 -0.118828E+01  0.202241E+01  0.138154E+01  0.265087E+01 -0.321509E+01
    3639.0000    1991.5390 2   0.104761E+04 -0.240759E+03  0.347957E+03  0.547696E+01  0.105319E+02 -0.829598E+01
    3819.0000    2090.0488 1  -0.218352E+01  0.421821E+00  0.143021E+01  0.351193E+01 -0.123693E+01 -0.251954E+01
    3819.0000    2090.0488 2  -0.460780E+03 -0.783861E+03  0.504308E+03  0.145111E+02 -0.212095E+01 -0.683563E+01
    4002.0000    2190.2004 1   0.192224E-01  0.406289E+01  0.144016E+01 -0.635687E+00 -0.578878E+01 -0.238274E+01
    4002.0000    2190.2004 2  -0.493915E+03  0.319205E+03  0.379798E+03 -0.317041E+00 -0.248035E+02 -0.772995E+01
    4182.0000    2288.7102 1   0.524886E+01  0.359804E+00  0.205709E+01 -0.744526E+01 -0.693025E+00 -0.272428E+01
    4182.0000    2288.7102 2  -0.182350E+03  0.391477E+03  0.271809E+03 -0.303479E+02 -0.258574E+01 -0.912949E+01
    4365.0000    2388.8617 1   0.378682E+00 -0.376754E+01  0.183475E+01 -0.158699E+01  0.562965E+01 -0.211915E+01
    4365.0000    2388.8617 2   0.491209E+03  0.666925E+03  0.334727E+03 -0.358429E+01  0.202797E+02 -0.552435E+01
    4548.0000    2489.0133 1  -0.254369E+01 -0.937538E+00  0.105916E+01  0.426841E+01  0.234153E+01 -0.112591E+01
    4548.0000    2489.0133 2   0.684278E+03 -0.717308E+03  0.529946E+03  0.120297E+02  0.544081E+01 -0.229716E+01
    4728.0000    2587.5231 1  -0.247086E+01  0.206740E+01 -0.717219E-01  0.353838E+01 -0.387484E+01 -0.183384E-01
    4728.0000    2587.5231 2  -0.877080E+03 -0.361266E+03  0.544360E+03  0.103787E+02 -0.980817E+01 -0.486165E+00
    4911.0000    2687.6747 1   0.267185E+01  0.472177E+01 -0.858897E+00 -0.425939E+01 -0.593612E+01  0.868284E+00
    4911.0000    2687.6747 2  -0.189621E+03  0.685912E+03  0.374880E+03 -0.125934E+02 -0.195867E+02  0.181484E+01
    5091.0000    2786.1845 1   0.669763E+01 -0.362955E+01 -0.132875E+01 -0.836678E+01  0.475438E+01  0.160270E+01
    5091.0000    2786.1845 2   0.232731E+03  0.321959E+03  0.309952E+03 -0.273134E+02  0.152890E+02  0.472003E+01
    5274.0000    2886.3360 1  -0.227673E+01 -0.540932E+01 -0.587051E+00  0.263417E+01  0.743433E+01  0.944622E+00
    5274.0000    2886.3360 2   0.664658E+03  0.194457E+03  0.421052E+03  0.837732E+01  0.210349E+02  0.335642E+01
    5457.0000    2986.4876 1  -0.381445E+01  0.495659E+00 -0.121842E+01  0.586798E+01 -0.852175E+00  0.134949E+01
    5457.0000    2986.4876 2   0.116880E+03 -0.935754E+03  0.550879E+03  0.135103E+02 -0.248346E+01  0.395406E+01
    5637.0000    3084.9974 1  -0.134585E+01  0.347992E+01 -0.287452E+01  0.699645E+00 -0.576709E+01  0.235910E+01
    5637.0000    3084.9974 2  -0.101363E+04  0.219785E+03  0.421742E+03  0.261647E+01 -0.127533E+02  0.588174E+01
    5820.0000    3185.1490 1   0.515898E+01  0.287133E+01 -0.497885E+01 -0.727149E+01 -0.267414E+01  0.388274E+01
    5820.0000    3185.1490 2   0.289808E+03  0.800620E+03  0.189480E+03 -0.183626E+02 -0.810689E+01  0.111335E+02
    6000.0000    3283.6588 1   0.370834E+01 -0.799180E+01 -0.669100E+01 -0.387730E+01  0.962431E+01  0.541092E+01
    6000.0000    3283.6588 2   0.475368E+03 -0.970327E+01  0.136693E+03 -0.112794E+02  0.262144E+02  0.175479E+02
    6183.0000    3383.8104 1  -0.616853E+01 -0.448033E+01 -0.452153E+01  0.772196E+01  0.515759E+01  0.353246E+01
    6183.0000    3383.8104 2   0.538093E+03 -0.266636E+03  0.341500E+03  0.194452E+02  0.133197E+02  0.120967E+02
    6366.0000    3483.9619 1  -0.326275E+01  0.294577E+01 -0.468848E+01  0.421283E+01 -0.476248E+01  0.303349E+01
    6366.0000    3483.9619 2  -0.462561E+03 -0.831653E+03  0.408064E+03  0.904804E+01 -0.104358E+02  0.979311E+01
    6546.0000    3582.4717 1   0.129382E+01  0.307000E+01 -0.674686E+01 -0.314013E+01 -0.449327E+01  0.379664E+01
    6546.0000    3582.4717 2  -0.808982E+03  0.765425E+03  0.144021E+03 -0.604754E+01 -0.954666E+01  0.116352E+02
    6729.0000    3682.6233 1   0.492491E+01 -0.166877E+01 -0.780479E+01 -0.652723E+01  0.249303E+01  0.428592E+01
    6729.0000    3682.6233 2   0.732019E+03  0.565295E+03 -0.150351E+03 -0.149885E+02  0.529920E+01  0.145042E+02
    6909.0000    3781.1331 1  -0.355483E+01 -0.850335E+01 -0.868932E+01  0.371202E+01  0.937567E+01  0.509173E+01
    6909.0000    3781.1331 2   0.371056E+03 -0.398566E+03 -0.160811E+03  0.944588E+01  0.231426E+02  0.187302E+02
    7092.0000    3881.2847 1  -0.939628E+01  0.897384E+00 -0.940381E+01  0.102519E+02 -0.150350E+01  0.574706E+01
    7092.0000    3881.2847 2   0.182281E+03 -0.518467E+03  0.113064E+03  0.248615E+02 -0.295063E+01  0.197435E+02
    7275.0000    3981.4362 1   0.377513E+00  0.534295E+01 -0.868756E+01 -0.604216E+00 -0.680265E+01  0.438308E+01
    7275.0000    3981.4362 2  -0.848510E+03 -0.446400E+03  0.118740E+03 -0.125396E+01 -0.152170E+02  0.143680E+02
    7455.0000    4079.9460 1   0.411254E+01 -0.342009E+00 -0.746450E+01 -0.517659E+01 -0.371588E+00  0.316649E+01
    7455.0000    4079.9460 2  -0.315593E+03  0.105656E+04 -0.222882E+03 -0.115106E+02 -0.603277E+00  0.104515E+02
    7638.0000    4180.0976 1   0.223218E+01 -0.566588E+01 -0.606574E+01 -0.294421E+01  0.552951E+01  0.259806E+01
    7638.0000    4180.0976 2   0.919630E+03  0.590940E+02 -0.423502E+03 -0.636811E+01  0.130223E+02  0.969264E+01
    7818.0000    4278.6074 1  -0.959123E+01 -0.504626E+01 -0.561990E+01  0.844807E+01  0.493160E+01  0.254488E+01
    7818.0000    4278.6074 2  -0.213388E+02 -0.598709E+03 -0.362824E+03  0.210339E+02  0.113032E+02  0.105219E+02
    8001.0000    4378.7590 1  -0.813923E+01  0.105055E+02 -0.906160E+01  0.725748E+01 -0.940805E+01  0.434722E+01
    8001.0000    4378.7590 2  -0.208649E+03 -0.420193E+03 -0.180616E+03  0.181314E+02 -0.226856E+02  0.153290E+02
    8184.0000    4478.9105 1   0.711631E+01  0.548282E+01 -0.773578E+01 -0.617640E+01 -0.520019E+01  0.319799E+01
    8184.0000    4478.9105 2  -0.879035E+03  0.641083E+02 -0.218879E+03 -0.142724E+02 -0.130109E+02  0.100531E+02
    8364.0000    4577.4203 1   0.470819E+01 -0.469757E+01 -0.442096E+01 -0.397967E+01  0.338784E+01  0.150372E+01
    8364.0000    4577.4203 2   0.267838E+03  0.982974E+03 -0.466592E+03 -0.103388E+02  0.817372E+01  0.456110E+01
    8547.0000    4677.5719 1  -0.165929E+01 -0.765479E+01 -0.238060E+01  0.801424E+00  0.549542E+01  0.848613E+00
    8547.0000    4677.5719 2   0.777067E+03 -0.506798E+03 -0.547934E+03  0.288734E+01  0.140126E+02  0.367330E+01
    8727.0000    4776.0817 1  -0.125725E+02  0.564999E+00 -0.342633E+00  0.901770E+01 -0.300396E+00 -0.593726E-01
    8727.0000    4776.0817 2  -0.491334E+03 -0.503220E+03 -0.411424E+03  0.227126E+02 -0.187769E+01  0.153475E+01
    8910.0000    4876.2333 1  -0.801654E+00  0.175744E+02 -0.170229E+01  0.340609E+00 -0.124689E+02  0.311656E+00
    8910.0000    4876.2333 2  -0.391348E+03 -0.473675E+02 -0.319085E+03  0.141758E+01 -0.313912E+02  0.206642E+01
    9093.0000    4976.3848 1   0.127928E+02  0.150764E+01 -0.213671E+01 -0.882921E+01 -0.691823E+00  0.520804E+00
    9093.0000    4976.3848 2  -0.576977E+03  0.468558E+03 -0.393975E+03 -0.219595E+02 -0.357503E+01  0.114132E+01
    9273.0000    5074.8946 1   0.260063E+01 -0.844696E+01  0.529706E+00 -0.893824E+00  0.501163E+01 -0.570889E+00
    9273.0000    5074.8946 2   0.727670E+03  0.596019E+03 -0.553530E+03 -0.416732E+01  0.135614E+02 -0.179832E+01
    9456.0000    5175.0462 1  -0.560051E+01 -0.673288E+01  0.319409E+01  0.305521E+01  0.339107E+01 -0.130872E+01
    9456.0000    5175.0462 2   0.348582E+03 -0.928661E+03 -0.508962E+03  0.975798E+01  0.943868E+01 -0.270879E+01
    9636.0000    5273.5560 1  -0.110806E+02  0.683964E+01  0.740859E+01  0.641784E+01 -0.409054E+01 -0.313921E+01
    9636.0000    5273.5560 2  -0.832126E+03 -0.135213E+03 -0.289521E+03  0.163096E+02 -0.121938E+02 -0.748374E+01
    9819.0000    5373.7076 1   0.995818E+01  0.170423E+02  0.919319E+01 -0.632118E+01 -0.973274E+01 -0.449723E+01
    9819.0000    5373.7076 2  -0.264025E+03  0.351938E+03 -0.242483E+03 -0.159603E+02 -0.255088E+02 -0.116643E+02
   10002.0000    5473.8592 1   0.149003E+02 -0.609198E+01  0.557698E+01 -0.799717E+01  0.436373E+01 -0.283328E+01
   10002.0000    5473.8592 2  -0.111179E+03  0.613674E+03 -0.393868E+03 -0.217900E+02  0.917385E+01 -0.790387E+01
   10182.0000    5572.3689 1  -0.228758E+01 -0.973722E+01  0.732112E+01  0.242483E+01  0.422340E+01 -0.309637E+01
   10182.0000    5572.3689 2   0.918050E+03  0.354869E+02 -0.476712E+03  0.469864E+01  0.136362E+02 -0.800056E+01
   10365.0000    5672.5205 1  -0.783768E+01 -0.239802E+01  0.104433E+02  0.334634E+01  0.505498E+00 -0.375923E+01
   10365.0000    5672.5205 2  -0.230462E+03 -0.105708E+04 -0.310471E+03  0.119483E+02  0.120791E+01 -0.880365E+01
   10545.0000    5771.0303 1  -0.350576E+01  0.106619E+02  0.166776E+02  0.191309E+01 -0.522024E+01 -0.587323E+01
   10545.0000    5771.0303 2  -0.870805E+03  0.372115E+03  0.116766E+02  0.392366E+01 -0.158613E+02 -0.149619E+02
   10728.0000    5871.1819 1   0.186629E+02  0.563030E+01  0.198554E+02 -0.940965E+01 -0.254114E+01 -0.775822E+01
   10728.0000    5871.1819 2   0.102379E+03  0.521693E+03  0.226637E+02 -0.250574E+02 -0.703511E+01 -0.210721E+02
   10911.0000    5971.3335 1   0.100746E+02 -0.159574E+02  0.152565E+02 -0.390267E+01  0.854693E+01 -0.638871E+01
   10911.0000    5971.3335 2   0.315704E+03  0.460360E+03 -0.235001E+03 -0.122805E+02  0.212179E+02 -0.164942E+02
   11091.0000    6069.8432 1  -0.920391E+01 -0.592592E+01  0.152487E+02  0.503471E+01  0.144317E+01 -0.541467E+01
   11091.0000    6069.8432 2   0.780981E+03 -0.501638E+03 -0.244501E+03  0.133724E+02  0.722667E+01 -0.132813E+02
   11274.0000    6169.9948 1  -0.517087E+01  0.522675E+01  0.177569E+02  0.162057E+01 -0.229843E+01 -0.530264E+01
   11274.0000    6169.9948 2  -0.758309E+03 -0.827042E+03  0.344573E+02  0.764163E+01 -0.795463E+01 -0.129139E+02
   11454.0000    6268.5046 1   0.654860E+01  0.883977E+01  0.143438E+02 -0.193845E+01 -0.378510E+01 -0.437075E+01
   11454.0000    6268.5046 2  -0.541736E+03  0.790102E+03  0.336651E+03 -0.758199E+01 -0.117427E+02 -0.113227E+02
   11637.0000    6368.6562 1   0.182297E+02 -0.996767E+01  0.155928E+02 -0.776666E+01  0.399733E+01 -0.512619E+01
   11637.0000    6368.6562 2   0.479960E+03  0.332322E+03  0.288637E+03 -0.210441E+02  0.111647E+02 -0.145499E+02
   11820.0000    6468.8078 1  -0.599143E+01 -0.229065E+02  0.226790E+02  0.361195E+01  0.100611E+02 -0.757989E+01
   11820.0000    6468.8078 2   0.492932E+03  0.904800E+02  0.522142E+02  0.709812E+01  0.263612E+02 -0.204085E+02
   12000.0000    6567.3175 1  -0.150601E+02  0.556338E+01  0.188368E+02  0.623333E+01 -0.312023E+01 -0.534680E+01
   12000.0000    6567.3175 2   0.370672E+03 -0.802179E+03  0.993841E+02  0.179520E+02 -0.552702E+01 -0.136375E+02
   12183.0000    6667.4691 1   0.246594E+01  0.108363E+02  0.125911E+02 -0.107065E+01 -0.350374E+01 -0.315286E+01
   12183.0000    6667.4691 2  -0.101811E+04 -0.310847E+03  0.355653E+03 -0.105150E+01 -0.124534E+02 -0.767528E+01
   12366.0000    6767.6207 1   0.132083E+02  0.428643E+01  0.906707E+01 -0.388399E+01 -0.178006E+01 -0.242639E+01
   12366.0000    6767.6207 2  -0.237530E+02  0.927334E+03  0.506758E+03 -0.131894E+02 -0.509636E+01 -0.671553E+01
   12546.0000    6866.1305 1   0.106566E+02 -0.206443E+02  0.657692E+01 -0.390351E+01  0.735945E+01 -0.174242E+01
   12546.0000    6866.1305 2   0.651347E+03 -0.102412E+03  0.414159E+03 -0.102480E+02  0.205751E+02 -0.596761E+01
   12729.0000    6966.2821 1  -0.255932E+02 -0.175710E+02  0.115880E+02  0.102403E+02  0.641150E+01 -0.281845E+01
   12729.0000    6966.2821 2   0.311158E+03 -0.271809E+03  0.279582E+03  0.253246E+02  0.175750E+02 -0.876064E+01
   12909.0000    7064.7918 1  -0.131027E+02  0.190866E+02  0.852764E+01  0.454180E+01 -0.732892E+01 -0.172417E+01
   12909.0000    7064.7918 2  -0.120832E+03 -0.744771E+03  0.339653E+03  0.136788E+02 -0.179130E+02 -0.461973E+01
   13092.0000    7164.9434 1   0.107537E+02  0.108885E+02  0.428589E+01 -0.351076E+01 -0.292816E+01 -0.507880E+00
   13092.0000    7164.9434 2  -0.931344E+03  0.276544E+03  0.524842E+03 -0.925821E+01 -0.105135E+02 -0.141667E+01
   13275.0000    7265.0950 1   0.155463E+02 -0.322367E+01 -0.140048E+00 -0.422838E+01  0.946126E+00  0.226613E+00
   13275.0000    7265.0950 2   0.556549E+03  0.778310E+03  0.553271E+03 -0.134229E+02  0.342252E+01 -0.479402E+00
   13455.0000    7363.6048 1  -0.623854E+00 -0.240733E+02 -0.568907E+01  0.502069E+00  0.773840E+01  0.184097E+01
   13455.0000    7363.6048 2   0.526702E+03 -0.584268E+03  0.378375E+03  0.196581E+01  0.212710E+02  0.291915E+01
   13638.0000    7463.7564 1  -0.351201E+02 -0.119041E+01 -0.632706E+01  0.121601E+02 -0.255899E+00  0.278319E+01
   13638.0000    7463.7564 2  -0.900028E+02 -0.398238E+03  0.305744E+03  0.310975E+02  0.357875E+00  0.512454E+01
   13818.0000    7562.2661 1  -0.268315E+01  0.279827E+02 -0.484055E+01  0.405402E+00 -0.964792E+01  0.223566E+01
   13818.0000    7562.2661 2  -0.466381E+03 -0.407003E+03  0.396064E+03  0.242012E+01 -0.243728E+02  0.492865E+01
   14001.0000    7662.4177 1   0.167241E+02  0.524478E+01 -0.650949E+01 -0.518790E+01 -0.778249E+00  0.226512E+01
   14001.0000    7662.4177 2  -0.546418E+03  0.733021E+03  0.533159E+03 -0.141582E+02 -0.361213E+01  0.500574E+01
   14184.0000    7762.5693 1   0.116562E+02 -0.993474E+01 -0.113869E+02 -0.273007E+01  0.327918E+01  0.288331E+01
   14184.0000    7762.5693 2   0.978160E+03  0.348461E+03  0.436201E+03 -0.823349E+01  0.969470E+01  0.578160E+01
   14364.0000    7861.0791 1  -0.118833E+02 -0.179331E+02 -0.207627E+02  0.422506E+01  0.512146E+01  0.534746E+01
   14364.0000    7861.0791 2   0.131935E+03 -0.908694E+03  0.166185E+03  0.115634E+02  0.139797E+02  0.115428E+02
   14547.0000    7961.2307 1  -0.280140E+02  0.193025E+02 -0.262284E+02  0.838242E+01 -0.691544E+01  0.787243E+01
   14547.0000    7961.2307 2  -0.458030E+03 -0.211567E+03  0.120392E+03  0.222530E+02 -0.166889E+02  0.177371E+02
   14617.9375    8000.0531 1  -0.678641E+01 -0.109333E+02  0.259367E+02  0.310159E+01  0.367749E+01 -0.598785E+01
   14617.9375    8000.0531 2   0.106386E+04 -0.161659E+03 -0.925270E+02  0.583903E+01  0.107233E+02 -0.130952E+02
