       0.0000       0.0000  0.352079E-01    0.577872E-01    0.752535E-01    0.917677E-01    0.106821E+00    0.122481E+00    0.137023E+00    0.151672E+00    0.166243E+00    0.180952E+00    0.338779E+00    0.521188E+00    0.736871E+00    0.999796E+00    0.132347E+01    0.175004E+01    0.235381E+01    0.334010E+01    0.567906E+01
     183.0000     100.1516  0.506827E-01    0.708183E-01    0.866545E-01    0.102086E+00    0.116559E+00    0.130207E+00    0.144712E+00    0.158026E+00    0.171384E+00    0.185233E+00    0.329805E+00    0.498081E+00    0.697355E+00    0.940977E+00    0.124090E+01    0.163922E+01    0.221070E+01    0.318000E+01    0.108978E+02
     366.0000     200.3032  0.503767E-01    0.699451E-01    0.859028E-01    0.100395E+00    0.114596E+00    0.127767E+00    0.141446E+00    0.154953E+00    0.167532E+00    0.180669E+00    0.319683E+00    0.483282E+00    0.675652E+00    0.903855E+00    0.118791E+01    0.155782E+01    0.207477E+01    0.292096E+01    0.659987E+01
     546.0000     298.8129  0.511938E-01    0.707569E-01    0.870099E-01    0.102228E+00    0.115998E+00    0.129003E+00    0.141663E+00    0.154972E+00    0.168043E+00    0.180186E+00    0.319272E+00    0.479791E+00    0.669463E+00    0.901389E+00    0.118698E+01    0.155530E+01    0.207461E+01    0.295186E+01    0.131998E+02
     729.0000     398.9645  0.500155E-01    0.695335E-01    0.851938E-01    0.100149E+00    0.113672E+00    0.126690E+00    0.139508E+00    0.152197E+00    0.165237E+00    0.178308E+00    0.314182E+00    0.471735E+00    0.659140E+00    0.888004E+00    0.116375E+01    0.151995E+01    0.202674E+01    0.287108E+01    0.191477E+02
     912.0000     499.1161  0.501000E-01    0.693016E-01    0.845494E-01    0.989468E-01    0.112658E+00    0.125814E+00    0.138121E+00    0.150816E+00    0.163259E+00    0.176241E+00    0.312263E+00    0.467440E+00    0.650892E+00    0.873028E+00    0.114508E+01    0.149573E+01    0.198144E+01    0.278901E+01    0.180441E+02
    1092.0000     597.6259  0.505855E-01    0.695578E-01    0.857924E-01    0.996394E-01    0.113106E+00    0.126135E+00    0.138701E+00    0.151074E+00    0.163164E+00    0.175869E+00    0.307633E+00    0.458913E+00    0.637921E+00    0.852954E+00    0.111634E+01    0.145702E+01    0.193181E+01    0.269442E+01    0.115990E+02
    1275.0000     697.7775  0.507186E-01    0.690039E-01    0.840756E-01    0.985393E-01    0.111923E+00    0.124584E+00    0.136935E+00    0.149065E+00    0.160852E+00    0.173119E+00    0.300889E+00    0.452467E+00    0.629794E+00    0.840643E+00    0.110191E+01    0.143177E+01    0.188842E+01    0.262373E+01    0.594955E+01
    1455.0000     796.2872  0.511961E-01    0.690615E-01    0.846611E-01    0.990345E-01    0.112646E+00    0.125133E+00    0.137067E+00    0.148951E+00    0.160675E+00    0.172492E+00    0.300743E+00    0.450381E+00    0.624668E+00    0.836342E+00    0.109055E+01    0.142225E+01    0.187482E+01    0.262498E+01    0.113977E+02
    1638.0000     896.4388  0.506980E-01    0.691278E-01    0.841048E-01    0.980649E-01    0.111271E+00    0.123766E+00    0.136712E+00    0.148492E+00    0.160006E+00    0.172075E+00    0.298155E+00    0.446121E+00    0.619472E+00    0.827868E+00    0.108287E+01    0.140491E+01    0.185180E+01    0.257231E+01    0.175442E+02
    1821.0000     996.5904  0.505913E-01    0.692703E-01    0.844860E-01    0.984504E-01    0.111274E+00    0.123275E+00    0.135500E+00    0.147255E+00    0.159345E+00    0.171436E+00    0.295767E+00    0.441797E+00    0.613193E+00    0.816880E+00    0.106976E+01    0.138642E+01    0.182149E+01    0.252091E+01    0.168146E+02
    2001.0000    1095.1002  0.510109E-01    0.691472E-01    0.839682E-01    0.978918E-01    0.110138E+00    0.122170E+00    0.133636E+00    0.144830E+00    0.156186E+00    0.167452E+00    0.290614E+00    0.435319E+00    0.605156E+00    0.804077E+00    0.105208E+01    0.136557E+01    0.177965E+01    0.244070E+01    0.115827E+02
    2184.0000    1195.2518  0.508650E-01    0.692136E-01    0.838350E-01    0.972709E-01    0.109813E+00    0.121773E+00    0.133408E+00    0.144581E+00    0.156156E+00    0.167915E+00    0.289302E+00    0.429937E+00    0.595285E+00    0.792579E+00    0.102704E+01    0.132351E+01    0.171359E+01    0.232279E+01    0.549726E+01
    2364.0000    1293.7616  0.510180E-01    0.681279E-01    0.831163E-01    0.962528E-01    0.108465E+00    0.120386E+00    0.132386E+00    0.143966E+00    0.155225E+00    0.166897E+00    0.289115E+00    0.431119E+00    0.598827E+00    0.799538E+00    0.104556E+01    0.135439E+01    0.177112E+01    0.246044E+01    0.863919E+01
    2547.0000    1393.9131  0.524488E-01    0.696194E-01    0.839810E-01    0.969093E-01    0.109304E+00    0.121478E+00    0.132936E+00    0.144126E+00    0.155392E+00    0.166605E+00    0.287198E+00    0.427271E+00    0.594632E+00    0.793780E+00    0.103450E+01    0.133753E+01    0.175117E+01    0.242012E+01    0.148346E+02
    2730.0000    1494.0647  0.522294E-01    0.689633E-01    0.832656E-01    0.966701E-01    0.109115E+00    0.120687E+00    0.132084E+00    0.143259E+00    0.154418E+00    0.165306E+00    0.285546E+00    0.422333E+00    0.586188E+00    0.782427E+00    0.101550E+01    0.131304E+01    0.171657E+01    0.236217E+01    0.153346E+02
    2910.0000    1592.5745  0.509564E-01    0.688479E-01    0.832608E-01    0.959841E-01    0.108021E+00    0.119676E+00    0.130758E+00    0.142295E+00    0.153613E+00    0.165261E+00    0.283829E+00    0.422936E+00    0.583687E+00    0.778183E+00    0.101374E+01    0.131081E+01    0.171000E+01    0.234655E+01    0.140560E+02
    3093.0000    1692.7261  0.503762E-01    0.682561E-01    0.829392E-01    0.950146E-01    0.107567E+00    0.118938E+00    0.129961E+00    0.141546E+00    0.152239E+00    0.163374E+00    0.281022E+00    0.417188E+00    0.577592E+00    0.769271E+00    0.100193E+01    0.129486E+01    0.168342E+01    0.229625E+01    0.729822E+01
    3273.0000    1791.2359  0.516414E-01    0.691040E-01    0.832427E-01    0.961750E-01    0.107966E+00    0.118961E+00    0.130416E+00    0.141454E+00    0.152033E+00    0.162475E+00    0.279857E+00    0.414546E+00    0.573070E+00    0.761693E+00    0.988439E+00    0.127636E+01    0.166032E+01    0.226146E+01    0.619877E+01
    3456.0000    1891.3874  0.515632E-01    0.695885E-01    0.840469E-01    0.964967E-01    0.107872E+00    0.119151E+00    0.130581E+00    0.141332E+00    0.152134E+00    0.163147E+00    0.277933E+00    0.413190E+00    0.570052E+00    0.759677E+00    0.991170E+00    0.127856E+01    0.166928E+01    0.228038E+01    0.124140E+02
    3639.0000    1991.5390  0.511911E-01    0.683104E-01    0.822716E-01    0.946630E-01    0.106399E+00    0.117833E+00    0.128745E+00    0.139735E+00    0.150697E+00    0.161596E+00    0.276652E+00    0.408720E+00    0.567360E+00    0.756931E+00    0.982804E+00    0.127042E+01    0.165131E+01    0.225977E+01    0.170997E+02
    3819.0000    2090.0488  0.500535E-01    0.678336E-01    0.820929E-01    0.945819E-01    0.106259E+00    0.117465E+00    0.128304E+00    0.139136E+00    0.150191E+00    0.160693E+00    0.276552E+00    0.409447E+00    0.566004E+00    0.750898E+00    0.978157E+00    0.126577E+01    0.164872E+01    0.224724E+01    0.164768E+02
    4002.0000    2190.2004  0.510531E-01    0.684196E-01    0.826659E-01    0.953633E-01    0.106836E+00    0.117820E+00    0.128744E+00    0.139565E+00    0.150360E+00    0.160950E+00    0.274815E+00    0.406092E+00    0.563874E+00    0.748286E+00    0.972019E+00    0.125499E+01    0.163163E+01    0.222530E+01    0.959145E+01
    4182.0000    2288.7102  0.507818E-01    0.674609E-01    0.820773E-01    0.944124E-01    0.106026E+00    0.117563E+00    0.128555E+00    0.139196E+00    0.149518E+00    0.160242E+00    0.272188E+00    0.403894E+00    0.556579E+00    0.740571E+00    0.964534E+00    0.124138E+01    0.161379E+01    0.219096E+01    0.594960E+01
    4365.0000    2388.8617  0.511459E-01    0.688030E-01    0.829321E-01    0.954033E-01    0.106503E+00    0.117427E+00    0.128009E+00    0.138630E+00    0.149290E+00    0.159705E+00    0.271544E+00    0.402301E+00    0.555442E+00    0.738856E+00    0.958202E+00    0.124044E+01    0.161389E+01    0.219934E+01    0.124223E+02
    4548.0000    2489.0133  0.517830E-01    0.684861E-01    0.825493E-01    0.949974E-01    0.106823E+00    0.117497E+00    0.128374E+00    0.139133E+00    0.149789E+00    0.160358E+00    0.271761E+00    0.401446E+00    0.554277E+00    0.737878E+00    0.958735E+00    0.123372E+01    0.160345E+01    0.219363E+01    0.180361E+02
    4728.0000    2587.5231  0.515359E-01    0.686454E-01    0.824887E-01    0.945758E-01    0.106064E+00    0.117269E+00    0.128114E+00    0.138101E+00    0.148239E+00    0.158708E+00    0.268459E+00    0.397060E+00    0.548705E+00    0.729730E+00    0.949005E+00    0.122191E+01    0.158592E+01    0.216564E+01    0.175445E+02
    4911.0000    2687.6747  0.510302E-01    0.679015E-01    0.820413E-01    0.944833E-01    0.105911E+00    0.116701E+00    0.127074E+00    0.137626E+00    0.147941E+00    0.158754E+00    0.267765E+00    0.395499E+00    0.546663E+00    0.724701E+00    0.942013E+00    0.121515E+01    0.157796E+01    0.215131E+01    0.110355E+02
    5091.0000    2786.1845  0.519800E-01    0.690686E-01    0.820725E-01    0.944869E-01    0.105590E+00    0.116212E+00    0.126863E+00    0.136909E+00    0.147239E+00    0.157645E+00    0.265296E+00    0.391997E+00    0.543210E+00    0.720040E+00    0.935202E+00    0.120339E+01    0.155728E+01    0.211892E+01    0.584982E+01
    5274.0000    2886.3360  0.519861E-01    0.691125E-01    0.826457E-01    0.944637E-01    0.105755E+00    0.116345E+00    0.126979E+00    0.137049E+00    0.147273E+00    0.157135E+00    0.264554E+00    0.390244E+00    0.538962E+00    0.716094E+00    0.932101E+00    0.120210E+01    0.156302E+01    0.213411E+01    0.114891E+02
    5457.0000    2986.4876  0.512093E-01    0.681676E-01    0.819080E-01    0.937957E-01    0.105531E+00    0.116239E+00    0.126842E+00    0.136457E+00    0.147415E+00    0.157346E+00    0.264484E+00    0.391370E+00    0.541486E+00    0.718474E+00    0.928843E+00    0.119547E+01    0.155812E+01    0.212810E+01    0.174800E+02
    5637.0000    3084.9974  0.516504E-01    0.680971E-01    0.817255E-01    0.942157E-01    0.105139E+00    0.115789E+00    0.126200E+00    0.136227E+00    0.145814E+00    0.156028E+00    0.262019E+00    0.386167E+00    0.534813E+00    0.710008E+00    0.924291E+00    0.118905E+01    0.154379E+01    0.210646E+01    0.169810E+02
    5820.0000    3185.1490  0.515084E-01    0.691510E-01    0.824143E-01    0.948367E-01    0.105928E+00    0.116438E+00    0.126444E+00    0.136310E+00    0.146358E+00    0.156547E+00    0.262979E+00    0.387549E+00    0.535672E+00    0.708620E+00    0.920645E+00    0.118947E+01    0.154633E+01    0.210239E+01    0.113438E+02
    6000.0000    3283.6588  0.514269E-01    0.685973E-01    0.814288E-01    0.931157E-01    0.104311E+00    0.114584E+00    0.124214E+00    0.134509E+00    0.144564E+00    0.154541E+00    0.259256E+00    0.383480E+00    0.529268E+00    0.702657E+00    0.912165E+00    0.117252E+01    0.151958E+01    0.205187E+01    0.559684E+01
    6183.0000    3383.8104  0.522093E-01    0.690657E-01    0.818946E-01    0.939909E-01    0.105314E+00    0.115654E+00    0.125615E+00    0.135550E+00    0.145532E+00    0.155367E+00    0.258757E+00    0.383204E+00    0.527762E+00    0.701186E+00    0.911339E+00    0.117584E+01    0.152427E+01    0.207774E+01    0.938182E+01
    6366.0000    3483.9619  0.519433E-01    0.685326E-01    0.822503E-01    0.940713E-01    0.105154E+00    0.115694E+00    0.125850E+00    0.135946E+00    0.145190E+00    0.155167E+00    0.258990E+00    0.380785E+00    0.526752E+00    0.701108E+00    0.910602E+00    0.117420E+01    0.152378E+01    0.206747E+01    0.154880E+02
    6546.0000    3582.4717  0.507707E-01    0.682327E-01    0.812466E-01    0.934004E-01    0.104008E+00    0.114203E+00    0.124542E+00    0.134835E+00    0.144636E+00    0.154284E+00    0.256237E+00    0.378660E+00    0.522373E+00    0.698072E+00    0.905333E+00    0.116713E+01    0.151362E+01    0.206248E+01    0.153972E+02
    6729.0000    3682.6233  0.501648E-01    0.667342E-01    0.804871E-01    0.918718E-01    0.102999E+00    0.113533E+00    0.123625E+00    0.133660E+00    0.143629E+00    0.153497E+00    0.258467E+00    0.378640E+00    0.521583E+00    0.692683E+00    0.898413E+00    0.115781E+01    0.150101E+01    0.204095E+01    0.123217E+02
    6909.0000    3781.1331  0.506177E-01    0.674634E-01    0.810247E-01    0.918384E-01    0.102192E+00    0.113111E+00    0.122692E+00    0.132699E+00    0.142930E+00    0.152731E+00    0.255651E+00    0.376930E+00    0.515981E+00    0.685849E+00    0.888319E+00    0.114462E+01    0.149098E+01    0.202987E+01    0.687725E+01
    7092.0000    3881.2847  0.503325E-01    0.674380E-01    0.807472E-01    0.917097E-01    0.103168E+00    0.113127E+00    0.123440E+00    0.132808E+00    0.142439E+00    0.152117E+00    0.254504E+00    0.373602E+00    0.515302E+00    0.685742E+00    0.885800E+00    0.114100E+01    0.147329E+01    0.197989E+01    0.668511E+01
    7275.0000    3981.4362  0.496538E-01    0.669114E-01    0.798380E-01    0.913800E-01    0.102242E+00    0.112858E+00    0.122866E+00    0.132980E+00    0.142628E+00    0.152275E+00    0.253077E+00    0.372604E+00    0.512883E+00    0.681762E+00    0.885392E+00    0.113883E+01    0.147910E+01    0.201570E+01    0.126933E+02
    7455.0000    4079.9460  0.492458E-01    0.666210E-01    0.799545E-01    0.914975E-01    0.102336E+00    0.112661E+00    0.122934E+00    0.132777E+00    0.142688E+00    0.151955E+00    0.252132E+00    0.371179E+00    0.512908E+00    0.680295E+00    0.882438E+00    0.113466E+01    0.147671E+01    0.200755E+01    0.157394E+02
    7638.0000    4180.0976  0.498320E-01    0.667909E-01    0.795661E-01    0.912463E-01    0.102328E+00    0.112517E+00    0.122769E+00    0.132040E+00    0.141702E+00    0.151221E+00    0.251914E+00    0.368962E+00    0.508497E+00    0.676678E+00    0.880170E+00    0.113186E+01    0.146880E+01    0.200217E+01    0.150320E+02
    7818.0000    4278.6074  0.504411E-01    0.666553E-01    0.804094E-01    0.922729E-01    0.102986E+00    0.113081E+00    0.122683E+00    0.132224E+00    0.141587E+00    0.151200E+00    0.250929E+00    0.368215E+00    0.507988E+00    0.671921E+00    0.874196E+00    0.112373E+01    0.146067E+01    0.197880E+01    0.944554E+01
    8001.0000    4378.7590  0.497249E-01    0.666041E-01    0.798087E-01    0.916514E-01    0.102071E+00    0.112412E+00    0.122405E+00    0.131932E+00    0.141790E+00    0.151219E+00    0.252119E+00    0.367327E+00    0.505335E+00    0.670278E+00    0.869170E+00    0.111736E+01    0.145483E+01    0.196696E+01    0.564461E+01
    8184.0000    4478.9105  0.494921E-01    0.664651E-01    0.799628E-01    0.915764E-01    0.102620E+00    0.112211E+00    0.121911E+00    0.131841E+00    0.141040E+00    0.150242E+00    0.249526E+00    0.366179E+00    0.503838E+00    0.667560E+00    0.867582E+00    0.111760E+01    0.145192E+01    0.197194E+01    0.118338E+02
    8364.0000    4577.4203  0.503560E-01    0.665402E-01    0.800034E-01    0.914192E-01    0.102359E+00    0.112812E+00    0.122485E+00    0.132071E+00    0.141715E+00    0.151180E+00    0.248178E+00    0.365013E+00    0.501430E+00    0.665664E+00    0.864739E+00    0.111488E+01    0.144797E+01    0.197246E+01    0.169940E+02
    8547.0000    4677.5719  0.507566E-01    0.668239E-01    0.796414E-01    0.916041E-01    0.101745E+00    0.111980E+00    0.121829E+00    0.131877E+00    0.141141E+00    0.149767E+00    0.247505E+00    0.361414E+00    0.497506E+00    0.661130E+00    0.862777E+00    0.111136E+01    0.144509E+01    0.196658E+01    0.167987E+02
    8727.0000    4776.0817  0.505661E-01    0.672820E-01    0.801892E-01    0.917478E-01    0.102250E+00    0.112040E+00    0.121128E+00    0.130627E+00    0.140116E+00    0.149207E+00    0.245910E+00    0.361463E+00    0.496379E+00    0.658918E+00    0.857647E+00    0.110422E+01    0.143201E+01    0.194845E+01    0.111319E+02
    8910.0000    4876.2333  0.494046E-01    0.654593E-01    0.784934E-01    0.895204E-01    0.100352E+00    0.110128E+00    0.119691E+00    0.129595E+00    0.138778E+00    0.148502E+00    0.245275E+00    0.358306E+00    0.494412E+00    0.654415E+00    0.851982E+00    0.109595E+01    0.142119E+01    0.192929E+01    0.574851E+01
    9093.0000    4976.3848  0.501561E-01    0.674406E-01    0.802041E-01    0.913749E-01    0.101321E+00    0.110684E+00    0.120268E+00    0.129376E+00    0.138983E+00    0.148220E+00    0.243765E+00    0.356151E+00    0.491942E+00    0.653664E+00    0.851113E+00    0.109823E+01    0.142468E+01    0.193852E+01    0.114878E+02
    9273.0000    5074.8946  0.504139E-01    0.672312E-01    0.793631E-01    0.912334E-01    0.101687E+00    0.111323E+00    0.120871E+00    0.129960E+00    0.138963E+00    0.147978E+00    0.243482E+00    0.355234E+00    0.491973E+00    0.653642E+00    0.850009E+00    0.109355E+01    0.142350E+01    0.193866E+01    0.167269E+02
    9456.0000    5175.0462  0.494501E-01    0.672118E-01    0.802000E-01    0.917956E-01    0.102418E+00    0.112130E+00    0.121873E+00    0.131568E+00    0.141008E+00    0.150013E+00    0.244299E+00    0.354735E+00    0.489713E+00    0.651851E+00    0.844349E+00    0.108958E+01    0.141428E+01    0.192687E+01    0.170932E+02
    9636.0000    5273.5560  0.503048E-01    0.667637E-01    0.792263E-01    0.903974E-01    0.100542E+00    0.110128E+00    0.119135E+00    0.128598E+00    0.137711E+00    0.146891E+00    0.241399E+00    0.353606E+00    0.487500E+00    0.647420E+00    0.842190E+00    0.108652E+01    0.140945E+01    0.191849E+01    0.117587E+02
    9819.0000    5373.7076  0.497712E-01    0.664078E-01    0.786299E-01    0.902654E-01    0.100899E+00    0.110364E+00    0.119553E+00    0.128848E+00    0.137944E+00    0.147243E+00    0.241688E+00    0.352248E+00    0.484767E+00    0.645095E+00    0.837264E+00    0.108110E+01    0.140098E+01    0.190652E+01    0.559847E+01
   10002.0000    5473.8592  0.502169E-01    0.663407E-01    0.792146E-01    0.904594E-01    0.999590E-01    0.109715E+00    0.118978E+00    0.128098E+00    0.137349E+00    0.145950E+00    0.239643E+00    0.350840E+00    0.484009E+00    0.642505E+00    0.833836E+00    0.107541E+01    0.139982E+01    0.191086E+01    0.998154E+01
   10182.0000    5572.3689  0.500825E-01    0.661288E-01    0.790440E-01    0.905832E-01    0.100787E+00    0.111013E+00    0.120559E+00    0.129731E+00    0.138365E+00    0.147401E+00    0.240951E+00    0.350528E+00    0.484064E+00    0.643831E+00    0.833958E+00    0.107505E+01    0.139404E+01    0.189958E+01    0.155008E+02
   10365.0000    5672.5205  0.504630E-01    0.663826E-01    0.792163E-01    0.899440E-01    0.993467E-01    0.109015E+00    0.118359E+00    0.127620E+00    0.136852E+00    0.146184E+00    0.239294E+00    0.348318E+00    0.480483E+00    0.641347E+00    0.833029E+00    0.107118E+01    0.139173E+01    0.189730E+01    0.159581E+02
   10545.0000    5771.0303  0.504353E-01    0.664673E-01    0.784366E-01    0.895835E-01    0.100018E+00    0.109814E+00    0.119118E+00    0.127934E+00    0.136794E+00    0.145695E+00    0.237994E+00    0.346377E+00    0.477311E+00    0.636908E+00    0.825328E+00    0.105977E+01    0.138010E+01    0.187127E+01    0.117752E+02
   10728.0000    5871.1819  0.489242E-01    0.654143E-01    0.781832E-01    0.891987E-01    0.994520E-01    0.108492E+00    0.117518E+00    0.126778E+00    0.135728E+00    0.144375E+00    0.237466E+00    0.346219E+00    0.476670E+00    0.634395E+00    0.822449E+00    0.105474E+01    0.137010E+01    0.186137E+01    0.594956E+01
   10911.0000    5971.3335  0.498070E-01    0.659115E-01    0.788135E-01    0.892001E-01    0.100004E+00    0.109356E+00    0.118297E+00    0.127497E+00    0.136483E+00    0.145484E+00    0.236747E+00    0.345172E+00    0.476445E+00    0.633189E+00    0.823345E+00    0.106178E+01    0.138040E+01    0.189569E+01    0.749114E+01
   11091.0000    6069.8432  0.504242E-01    0.661371E-01    0.788518E-01    0.897470E-01    0.100066E+00    0.109276E+00    0.118368E+00    0.127208E+00    0.135990E+00    0.144477E+00    0.235844E+00    0.345375E+00    0.475878E+00    0.630565E+00    0.818431E+00    0.105789E+01    0.137366E+01    0.187873E+01    0.128157E+02
   11274.0000    6169.9948  0.503959E-01    0.662637E-01    0.794231E-01    0.905406E-01    0.100683E+00    0.109950E+00    0.119311E+00    0.127327E+00    0.136793E+00    0.145415E+00    0.237368E+00    0.344192E+00    0.472305E+00    0.626238E+00    0.815305E+00    0.105396E+01    0.136490E+01    0.186392E+01    0.145167E+02
   11454.0000    6268.5046  0.500404E-01    0.658682E-01    0.782722E-01    0.892399E-01    0.992461E-01    0.108906E+00    0.117809E+00    0.126672E+00    0.135497E+00    0.143930E+00    0.234911E+00    0.341854E+00    0.471057E+00    0.626593E+00    0.815397E+00    0.105236E+01    0.136250E+01    0.186034E+01    0.143348E+02
   11637.0000    6368.6562  0.507607E-01    0.668120E-01    0.789763E-01    0.895664E-01    0.996816E-01    0.109071E+00    0.118191E+00    0.127248E+00    0.136060E+00    0.144541E+00    0.234926E+00    0.342777E+00    0.470953E+00    0.624632E+00    0.810142E+00    0.104489E+01    0.135687E+01    0.185054E+01    0.834148E+01
   11820.0000    6468.8078  0.489910E-01    0.654548E-01    0.775718E-01    0.891107E-01    0.990509E-01    0.108206E+00    0.117277E+00    0.125763E+00    0.134546E+00    0.143123E+00    0.234206E+00    0.339728E+00    0.465288E+00    0.616910E+00    0.802033E+00    0.103600E+01    0.134755E+01    0.183508E+01    0.549024E+01
   12000.0000    6567.3175  0.491051E-01    0.652978E-01    0.781209E-01    0.888624E-01    0.988325E-01    0.108206E+00    0.117812E+00    0.126616E+00    0.135182E+00    0.144357E+00    0.232888E+00    0.338137E+00    0.465959E+00    0.619267E+00    0.806206E+00    0.103738E+01    0.134998E+01    0.184394E+01    0.108534E+02
   12183.0000    6667.4691  0.509949E-01    0.667797E-01    0.788731E-01    0.895240E-01    0.992514E-01    0.108895E+00    0.118252E+00    0.126948E+00    0.135405E+00    0.143945E+00    0.231763E+00    0.337237E+00    0.463896E+00    0.615107E+00    0.801516E+00    0.103406E+01    0.134439E+01    0.183136E+01    0.160293E+02
   12366.0000    6767.6207  0.484796E-01    0.646428E-01    0.774589E-01    0.881185E-01    0.984989E-01    0.107827E+00    0.117085E+00    0.125947E+00    0.134513E+00    0.142861E+00    0.231493E+00    0.335908E+00    0.463838E+00    0.616232E+00    0.801494E+00    0.103438E+01    0.134405E+01    0.182871E+01    0.158545E+02
   12546.0000    6866.1305  0.497709E-01    0.653514E-01    0.778547E-01    0.886954E-01    0.989369E-01    0.107748E+00    0.116728E+00    0.125512E+00    0.134140E+00    0.142349E+00    0.230510E+00    0.333345E+00    0.458914E+00    0.612588E+00    0.799826E+00    0.103069E+01    0.133702E+01    0.182671E+01    0.103234E+02
   12729.0000    6966.2821  0.501545E-01    0.662848E-01    0.783096E-01    0.888660E-01    0.986807E-01    0.107633E+00    0.116491E+00    0.125373E+00    0.133920E+00    0.142248E+00    0.228754E+00    0.331617E+00    0.459432E+00    0.610302E+00    0.793963E+00    0.102462E+01    0.133054E+01    0.180847E+01    0.549572E+01
   12909.0000    7064.7918  0.499075E-01    0.655917E-01    0.779263E-01    0.890512E-01    0.989308E-01    0.107845E+00    0.116524E+00    0.125139E+00    0.133498E+00    0.141740E+00    0.229958E+00    0.332486E+00    0.457921E+00    0.609042E+00    0.792860E+00    0.102513E+01    0.133112E+01    0.181737E+01    0.107106E+02
   13092.0000    7164.9434  0.491745E-01    0.650569E-01    0.771062E-01    0.877506E-01    0.975626E-01    0.106704E+00    0.115771E+00    0.124574E+00    0.133122E+00    0.141526E+00    0.228852E+00    0.332141E+00    0.455153E+00    0.607055E+00    0.791620E+00    0.102590E+01    0.133514E+01    0.181933E+01    0.167150E+02
   13275.0000    7265.0950  0.497218E-01    0.658215E-01    0.779225E-01    0.884285E-01    0.979878E-01    0.107335E+00    0.115635E+00    0.124393E+00    0.132804E+00    0.140806E+00    0.227300E+00    0.329285E+00    0.453365E+00    0.605329E+00    0.789315E+00    0.101751E+01    0.132764E+01    0.180982E+01    0.168525E+02
   13455.0000    7363.6048  0.499007E-01    0.656736E-01    0.779397E-01    0.883740E-01    0.974794E-01    0.106767E+00    0.115257E+00    0.123634E+00    0.132049E+00    0.140690E+00    0.227292E+00    0.328266E+00    0.451566E+00    0.601414E+00    0.786647E+00    0.101626E+01    0.132174E+01    0.180471E+01    0.116065E+02
   13638.0000    7463.7564  0.500646E-01    0.649376E-01    0.769586E-01    0.874116E-01    0.969912E-01    0.106765E+00    0.115159E+00    0.123566E+00    0.131222E+00    0.139513E+00    0.226413E+00    0.327378E+00    0.448647E+00    0.598684E+00    0.781268E+00    0.100977E+01    0.131329E+01    0.179788E+01    0.564789E+01
   13818.0000    7562.2661  0.487916E-01    0.643988E-01    0.768935E-01    0.882478E-01    0.980917E-01    0.107232E+00    0.115680E+00    0.124375E+00    0.132447E+00    0.140031E+00    0.226523E+00    0.327780E+00    0.448936E+00    0.598575E+00    0.779788E+00    0.101093E+01    0.131647E+01    0.180181E+01    0.961431E+01
   14001.0000    7662.4177  0.497358E-01    0.643970E-01    0.763916E-01    0.866709E-01    0.965627E-01    0.105823E+00    0.114743E+00    0.123447E+00    0.131575E+00    0.139743E+00    0.225678E+00    0.327244E+00    0.448187E+00    0.598034E+00    0.780280E+00    0.100772E+01    0.131375E+01    0.179838E+01    0.159918E+02
   14184.0000    7762.5693  0.497330E-01    0.650147E-01    0.769621E-01    0.872135E-01    0.968843E-01    0.105884E+00    0.114813E+00    0.123259E+00    0.131857E+00    0.140319E+00    0.225663E+00    0.326515E+00    0.446216E+00    0.595046E+00    0.775785E+00    0.100654E+01    0.131265E+01    0.179117E+01    0.164442E+02
   14364.0000    7861.0791  0.490904E-01    0.652536E-01    0.770207E-01    0.873684E-01    0.971329E-01    0.105575E+00    0.114580E+00    0.122835E+00    0.130987E+00    0.139084E+00    0.224873E+00    0.324458E+00    0.444191E+00    0.591630E+00    0.772009E+00    0.997116E+00    0.130546E+01    0.179135E+01    0.116430E+02
   14547.0000    7961.2307  0.494573E-01    0.648378E-01    0.769688E-01    0.875326E-01    0.968362E-01    0.105820E+00    0.114638E+00    0.122726E+00    0.130887E+00    0.139065E+00    0.224099E+00    0.323861E+00    0.444767E+00    0.589556E+00    0.770809E+00    0.998267E+00    0.129895E+01    0.177237E+01    0.564926E+01
   14617.9375    8000.0531  0.493232E-01    0.650164E-01    0.772409E-01    0.875359E-01    0.972680E-01    0.106162E+00    0.114044E+00    0.122244E+00    0.130543E+00    0.139083E+00    0.223475E+00    0.322200E+00    0.442297E+00    0.588999E+00    0.769059E+00    0.995841E+00    0.129616E+01    0.177344E+01    0.137617E+02
