       0.0000       0.0000     0.904021       0.806519       0.774343       0.749490       0.734299       0.709364       0.698738       0.695321       0.687329       0.669907       0.624926       0.559035       0.513752       0.474475       0.443807       0.420595       0.396149       0.379844       0.359535       0.467984
     183.0000     100.1516     0.873240       0.788273       0.782081       0.742806       0.735065       0.720416       0.701582       0.696472       0.681923       0.672034       0.629242       0.564146       0.516362       0.480380       0.448537       0.423606       0.400392       0.381516       0.363306       0.471659
     366.0000     200.3032     0.874358       0.807560       0.774558       0.752755       0.745134       0.717848       0.715954       0.690471       0.695737       0.680508       0.630177       0.567903       0.521675       0.485513       0.455289       0.429461       0.407365       0.383620       0.366297       0.476425
     546.0000     298.8129     0.876716       0.804661       0.777187       0.750555       0.734759       0.726159       0.715280       0.694353       0.692354       0.684617       0.630601       0.571605       0.525861       0.484919       0.454500       0.431510       0.406410       0.385412       0.367309       0.477489
     729.0000     398.9645     0.881988       0.804675       0.775377       0.749313       0.729353       0.720426       0.724715       0.703337       0.685463       0.679922       0.633859       0.571836       0.525888       0.488792       0.459336       0.434510       0.408754       0.386421       0.368126       0.479565
     912.0000     499.1161     0.881384       0.803247       0.783847       0.746164       0.729125       0.722795       0.715665       0.708340       0.692095       0.674419       0.635436       0.574834       0.528093       0.491672       0.461810       0.435101       0.411338       0.387093       0.372276       0.481836
    1092.0000     597.6259     0.881210       0.801539       0.779454       0.750927       0.746162       0.708541       0.715753       0.711600       0.689762       0.692125       0.638345       0.576892       0.531728       0.491840       0.461719       0.440102       0.413389       0.389905       0.372287       0.483880
    1275.0000     697.7775     0.871805       0.813128       0.798016       0.750368       0.740536       0.730816       0.714202       0.702069       0.689371       0.678802       0.640920       0.579720       0.533701       0.495260       0.465767       0.440731       0.415814       0.392120       0.374174       0.486268
    1455.0000     796.2872     0.866781       0.805899       0.780527       0.772093       0.735990       0.726869       0.722080       0.704885       0.694282       0.679686       0.640635       0.579213       0.533741       0.498489       0.468334       0.442379       0.416668       0.391495       0.373991       0.487019
    1638.0000     896.4388     0.874485       0.803459       0.784482       0.752855       0.752870       0.728396       0.725050       0.701580       0.704308       0.685709       0.642685       0.580247       0.535091       0.499374       0.468422       0.443581       0.417554       0.394227       0.375373       0.488448
    1821.0000     996.5904     0.880794       0.802842       0.795901       0.741553       0.747924       0.727281       0.722005       0.715488       0.696395       0.684903       0.642491       0.583684       0.537472       0.500161       0.469312       0.446064       0.421672       0.395294       0.375274       0.490053
    2001.0000    1095.1002     0.865369       0.811282       0.782908       0.756951       0.747132       0.741472       0.725368       0.710723       0.701021       0.686141       0.645902       0.583824       0.537296       0.501257       0.470530       0.444755       0.422689       0.399115       0.377743       0.491547
    2184.0000    1195.2518     0.871119       0.807974       0.785561       0.768011       0.748960       0.739285       0.718600       0.723525       0.704235       0.687456       0.643568       0.585335       0.541531       0.501616       0.472406       0.446521       0.425036       0.401114       0.380126       0.493461
    2364.0000    1293.7616     0.870090       0.809834       0.770806       0.775752       0.748372       0.730798       0.730551       0.710263       0.707656       0.690986       0.644548       0.585129       0.540782       0.505956       0.471812       0.449598       0.426743       0.399188       0.379899       0.494028
    2547.0000    1393.9131     0.869531       0.796041       0.769748       0.758266       0.759228       0.743234       0.719114       0.721811       0.709577       0.695311       0.647651       0.588413       0.542523       0.503995       0.473151       0.448974       0.427488       0.402018       0.379595       0.494955
    2730.0000    1494.0647     0.870078       0.812768       0.775786       0.762998       0.756064       0.738193       0.722288       0.707768       0.703552       0.695988       0.649832       0.590629       0.542348       0.504450       0.476162       0.451530       0.426113       0.402784       0.381896       0.496222
    2910.0000    1592.5745     0.877069       0.803248       0.773344       0.765752       0.757472       0.735705       0.723967       0.712278       0.712873       0.695222       0.648495       0.588553       0.546028       0.506878       0.478363       0.450877       0.426363       0.406361       0.381315       0.497224
    3093.0000    1692.7261     0.879496       0.798765       0.794888       0.768138       0.755668       0.741005       0.728761       0.701772       0.702406       0.696094       0.651971       0.590252       0.545918       0.507391       0.476370       0.452659       0.429207       0.407473       0.382561       0.498381
    3273.0000    1791.2359     0.852726       0.804494       0.778622       0.768077       0.751803       0.743983       0.723236       0.719932       0.711406       0.709168       0.652028       0.593244       0.547502       0.508206       0.479289       0.454001       0.427988       0.408944       0.383980       0.499622
    3456.0000    1891.3874     0.861959       0.809114       0.784020       0.770710       0.744543       0.739643       0.724172       0.714828       0.707184       0.697022       0.656106       0.592076       0.546327       0.510104       0.479969       0.454497       0.430470       0.407735       0.384198       0.500115
    3639.0000    1991.5390     0.877090       0.802747       0.787866       0.767714       0.746870       0.747155       0.746192       0.713647       0.698269       0.692588       0.652690       0.592735       0.548071       0.510890       0.480512       0.455702       0.433577       0.408412       0.384502       0.501060
    3819.0000    2090.0488     0.858765       0.825987       0.798316       0.781805       0.748240       0.739363       0.714960       0.713508       0.701433       0.693327       0.652648       0.597119       0.548030       0.513579       0.479029       0.457576       0.431730       0.410679       0.385577       0.501933
    4002.0000    2190.2004     0.857963       0.823265       0.783572       0.772596       0.759165       0.740145       0.732803       0.731119       0.707766       0.688567       0.656330       0.594136       0.547485       0.513585       0.482218       0.457170       0.434233       0.409121       0.388469       0.502902
    4182.0000    2288.7102     0.857058       0.810301       0.789091       0.768156       0.760397       0.741471       0.736767       0.723861       0.712499       0.698325       0.656026       0.596039       0.551409       0.514188       0.482684       0.458012       0.435212       0.412077       0.388105       0.504097
    4365.0000    2388.8617     0.853180       0.802376       0.794318       0.771225       0.751644       0.749899       0.740466       0.722539       0.703501       0.710782       0.655837       0.596262       0.551823       0.514646       0.486416       0.459043       0.435246       0.411485       0.387428       0.504529
    4548.0000    2489.0133     0.855377       0.799664       0.791807       0.769782       0.759855       0.746747       0.742697       0.728238       0.709393       0.696652       0.657662       0.597134       0.550614       0.518193       0.483117       0.461320       0.437603       0.412316       0.387279       0.505266
    4728.0000    2587.5231     0.864782       0.821462       0.793567       0.760120       0.755881       0.724506       0.732489       0.728443       0.711813       0.701576       0.658922       0.597463       0.553687       0.516749       0.483269       0.464780       0.437421       0.412510       0.388587       0.506091
    4911.0000    2687.6747     0.857168       0.817349       0.791145       0.768970       0.754214       0.742485       0.740805       0.723170       0.719406       0.694728       0.657804       0.601032       0.553666       0.518715       0.486373       0.461262       0.439454       0.413933       0.388934       0.507009
    5091.0000    2786.1845     0.869382       0.793584       0.782945       0.775485       0.760426       0.744211       0.726338       0.723324       0.707562       0.713350       0.660519       0.602061       0.553008       0.520234       0.488416       0.460939       0.440537       0.416539       0.389459       0.508084
    5274.0000    2886.3360     0.857589       0.805863       0.785029       0.768269       0.749633       0.744036       0.741223       0.730824       0.719731       0.700847       0.662202       0.599445       0.557469       0.518159       0.490800       0.462601       0.440087       0.414350       0.390179       0.508406
    5457.0000    2986.4876     0.840671       0.813177       0.779924       0.766903       0.756925       0.736934       0.740216       0.719545       0.705634       0.706438       0.664439       0.600061       0.556311       0.519131       0.491088       0.464781       0.438595       0.417047       0.390938       0.509043
    5637.0000    3084.9974     0.844663       0.818183       0.785527       0.780573       0.754811       0.751125       0.734879       0.728139       0.714178       0.703125       0.663224       0.601434       0.557734       0.520361       0.489796       0.464547       0.441492       0.416656       0.391464       0.509776
    5820.0000    3185.1490     0.847134       0.809547       0.784315       0.770611       0.759566       0.740167       0.736474       0.725590       0.724387       0.698975       0.664095       0.603963       0.558225       0.522302       0.492216       0.463067       0.441141       0.418548       0.392084       0.510580
    6000.0000    3283.6588     0.862701       0.795882       0.792175       0.774167       0.765812       0.731038       0.727198       0.726020       0.719933       0.716764       0.665388       0.603050       0.561006       0.521701       0.491889       0.466441       0.439942       0.418334       0.395196       0.511529
    6183.0000    3383.8104     0.853455       0.804359       0.783256       0.793255       0.758428       0.752148       0.736274       0.725824       0.723693       0.698713       0.665682       0.604093       0.560830       0.522865       0.490934       0.464863       0.444370       0.418104       0.394843       0.512005
    6366.0000    3483.9619     0.847650       0.810498       0.793087       0.779123       0.759487       0.757301       0.729771       0.723495       0.720554       0.712272       0.665948       0.603979       0.560752       0.522874       0.493729       0.464117       0.444864       0.420593       0.394049       0.512548
    6546.0000    3582.4717     0.856013       0.799072       0.789477       0.765955       0.761557       0.747116       0.738209       0.719879       0.717429       0.711666       0.669691       0.605263       0.560628       0.520987       0.495704       0.466713       0.446994       0.419273       0.395260       0.513362
    6729.0000    3682.6233     0.850952       0.818946       0.776257       0.782874       0.753119       0.742133       0.749448       0.730589       0.720142       0.706130       0.668412       0.605391       0.561552       0.523354       0.493708       0.467231       0.446643       0.421904       0.395840       0.514003
    6909.0000    3781.1331     0.856629       0.800242       0.770993       0.774539       0.758673       0.741720       0.736155       0.716690       0.722117       0.714230       0.669514       0.609026       0.561489       0.523734       0.495638       0.470808       0.445063       0.421031       0.397843       0.514823
    7092.0000    3881.2847     0.849095       0.804412       0.788612       0.773270       0.767923       0.747203       0.750753       0.734461       0.717620       0.708314       0.667076       0.611181       0.560682       0.524689       0.496338       0.466583       0.446964       0.425280       0.397794       0.515531
    7275.0000    3981.4362     0.852160       0.803192       0.785785       0.769253       0.748898       0.739852       0.735118       0.738532       0.720261       0.720307       0.669492       0.607277       0.566062       0.527683       0.493010       0.473446       0.447220       0.420044       0.399925       0.516083
    7455.0000    4079.9460     0.861031       0.798587       0.782128       0.775552       0.759520       0.756785       0.739463       0.734141       0.706484       0.723406       0.670776       0.609778       0.563051       0.526989       0.496523       0.472359       0.447953       0.423160       0.398802       0.516751
    7638.0000    4180.0976     0.856101       0.813318       0.790050       0.775590       0.753829       0.750155       0.723466       0.724664       0.719859       0.710609       0.673924       0.610848       0.565796       0.524669       0.497824       0.473604       0.446931       0.423702       0.399837       0.517322
    7818.0000    4278.6074     0.852498       0.802447       0.771521       0.771754       0.760557       0.742977       0.743610       0.728721       0.721387       0.715100       0.674553       0.612527       0.563033       0.533114       0.498047       0.472809       0.446517       0.424650       0.399042       0.517930
    8001.0000    4378.7590     0.866250       0.801238       0.783766       0.760538       0.767481       0.766123       0.737319       0.738678       0.711941       0.713856       0.671707       0.612142       0.564144       0.531105       0.497719       0.472248       0.448399       0.428800       0.401189       0.518912
    8184.0000    4478.9105     0.860976       0.804021       0.788058       0.772697       0.759557       0.744474       0.736883       0.726567       0.736198       0.717189       0.672749       0.611402       0.568030       0.530929       0.498665       0.473531       0.448548       0.427016       0.400576       0.519150
    8364.0000    4577.4203     0.870628       0.804410       0.777805       0.775198       0.762069       0.748252       0.740949       0.726317       0.726868       0.709356       0.676374       0.613038       0.569636       0.528974       0.501456       0.473629       0.448903       0.426903       0.400225       0.519677
    8547.0000    4677.5719     0.845171       0.807636       0.798595       0.778778       0.764030       0.744873       0.742883       0.735956       0.723418       0.719796       0.675292       0.611097       0.565470       0.533655       0.502181       0.474097       0.452719       0.424424       0.402236       0.520295
    8727.0000    4776.0817     0.848834       0.811238       0.773956       0.772967       0.760389       0.744972       0.740558       0.733595       0.727360       0.712378       0.676597       0.613877       0.567744       0.532418       0.498399       0.477332       0.450361       0.427542       0.403902       0.520892
    8910.0000    4876.2333     0.849200       0.804712       0.787293       0.782296       0.764101       0.756416       0.752092       0.737233       0.734649       0.717996       0.675122       0.613326       0.567911       0.534724       0.502594       0.476944       0.451644       0.428005       0.403320       0.521840
    9093.0000    4976.3848     0.865894       0.808056       0.780063       0.775559       0.765872       0.756417       0.740186       0.732331       0.731848       0.715792       0.677960       0.616144       0.567363       0.534676       0.501712       0.474023       0.454597       0.428742       0.402966       0.522069
    9273.0000    5074.8946     0.855946       0.801536       0.803572       0.768879       0.765164       0.753820       0.744932       0.733273       0.736860       0.717608       0.675021       0.616508       0.567980       0.535101       0.501908       0.477100       0.452155       0.428398       0.405588       0.522523
    9456.0000    5175.0462     0.865541       0.797289       0.784302       0.781761       0.765491       0.765263       0.739947       0.723092       0.716242       0.716883       0.678372       0.617014       0.568814       0.534808       0.506227       0.475884       0.451618       0.430954       0.404308       0.523073
    9636.0000    5273.5560     0.850478       0.794563       0.781549       0.771438       0.768131       0.761565       0.743476       0.743175       0.734970       0.721464       0.677043       0.618891       0.572230       0.536259       0.504288       0.477525       0.451142       0.428977       0.406393       0.523644
    9819.0000    5373.7076     0.859843       0.792626       0.789604       0.777590       0.765369       0.754764       0.738924       0.738799       0.738094       0.708885       0.677967       0.619705       0.570414       0.534227       0.506357       0.479338       0.454386       0.430992       0.405256       0.524344
   10002.0000    5473.8592     0.843815       0.809325       0.783439       0.781607       0.775540       0.747768       0.756390       0.751370       0.715140       0.730026       0.678511       0.617249       0.576567       0.536546       0.506889       0.477347       0.451849       0.430006       0.406912       0.524700
   10182.0000    5572.3689     0.860785       0.805158       0.783692       0.772200       0.758436       0.757180       0.751140       0.728541       0.738826       0.736583       0.680546       0.617377       0.572762       0.532805       0.507434       0.481502       0.457594       0.430667       0.404335       0.525129
   10365.0000    5672.5205     0.833564       0.817685       0.789246       0.776584       0.780621       0.759361       0.753859       0.730003       0.723901       0.713229       0.677844       0.622887       0.574846       0.534966       0.504120       0.479925       0.457115       0.431204       0.407601       0.525692
   10545.0000    5771.0303     0.873038       0.803561       0.793946       0.781440       0.771075       0.755462       0.738941       0.737676       0.728609       0.725236       0.678283       0.623674       0.571503       0.534542       0.509708       0.482256       0.454505       0.432827       0.407030       0.526255
   10728.0000    5871.1819     0.857934       0.790655       0.779977       0.780892       0.766634       0.765157       0.746323       0.737582       0.746377       0.722202       0.681624       0.620743       0.573013       0.536364       0.507522       0.482036       0.459155       0.431654       0.408409       0.526922
   10911.0000    5971.3335     0.858306       0.813740       0.788345       0.781562       0.767776       0.765914       0.763492       0.729130       0.718514       0.717886       0.681366       0.621377       0.576126       0.540876       0.506645       0.479939       0.457538       0.431203       0.409787       0.527271
   11091.0000    6069.8432     0.841396       0.810495       0.787942       0.788392       0.767732       0.757395       0.743866       0.750095       0.730812       0.729719       0.682809       0.620600       0.574260       0.538098       0.514112       0.479740       0.457247       0.434235       0.407553       0.527740
   11274.0000    6169.9948     0.836509       0.805227       0.794008       0.779705       0.765207       0.741083       0.749677       0.741587       0.733873       0.738196       0.681565       0.622866       0.578039       0.542991       0.508594       0.481366       0.457178       0.434230       0.408361       0.528246
   11454.0000    6268.5046     0.840970       0.808058       0.797235       0.768815       0.775485       0.760976       0.740207       0.735796       0.730091       0.724036       0.682227       0.623910       0.577358       0.539643       0.508729       0.482601       0.458580       0.435781       0.409108       0.528657
   11637.0000    6368.6562     0.870925       0.806970       0.802243       0.775242       0.766845       0.742897       0.742670       0.729176       0.732355       0.731439       0.684387       0.622976       0.575069       0.542569       0.509864       0.483299       0.460587       0.436085       0.408394       0.529264
   11820.0000    6468.8078     0.869675       0.799209       0.798794       0.769420       0.766201       0.770870       0.765100       0.744085       0.737995       0.715641       0.684372       0.624466       0.580668       0.542798       0.510800       0.482151       0.459052       0.436265       0.409284       0.529983
   12000.0000    6567.3175     0.859734       0.804992       0.790214       0.786444       0.770571       0.763537       0.735745       0.732576       0.741033       0.731402       0.682725       0.626449       0.578413       0.542800       0.509541       0.483265       0.460491       0.437529       0.410190       0.530274
   12183.0000    6667.4691     0.847486       0.797939       0.794764       0.785223       0.767720       0.750524       0.747913       0.756290       0.730027       0.728467       0.686756       0.626754       0.578963       0.540866       0.510389       0.483677       0.460835       0.438494       0.409714       0.530617
   12366.0000    6767.6207     0.851910       0.799882       0.804976       0.789965       0.767802       0.752929       0.756811       0.741740       0.724584       0.729050       0.685451       0.625697       0.580974       0.541971       0.513971       0.484009       0.461625       0.438050       0.408839       0.531105
   12546.0000    6866.1305     0.843282       0.819352       0.791964       0.768013       0.767542       0.767785       0.757397       0.745698       0.727886       0.718372       0.689177       0.625895       0.580683       0.542027       0.510154       0.485376       0.462979       0.438783       0.410499       0.531586
   12729.0000    6966.2821     0.843389       0.794703       0.800233       0.779785       0.768194       0.766277       0.750595       0.750689       0.731461       0.732580       0.684760       0.632718       0.580667       0.545936       0.512070       0.483658       0.462986       0.439455       0.410416       0.532336
   12909.0000    7064.7918     0.838986       0.801157       0.791090       0.784247       0.782322       0.761974       0.744009       0.742405       0.728833       0.724278       0.688814       0.628327       0.584046       0.541946       0.511794       0.487018       0.463597       0.438408       0.411530       0.532558
   13092.0000    7164.9434     0.841363       0.808967       0.789419       0.783598       0.771193       0.762214       0.744089       0.745676       0.736800       0.741175       0.688410       0.627452       0.584788       0.544260       0.511922       0.487273       0.461197       0.439197       0.412782       0.532936
   13275.0000    7265.0950     0.853859       0.818617       0.793224       0.775242       0.766594       0.753966       0.756803       0.744924       0.741386       0.725282       0.689573       0.631123       0.585256       0.542880       0.513665       0.488001       0.459999       0.438729       0.413714       0.533383
   13455.0000    7363.6048     0.859044       0.797674       0.776445       0.776253       0.767284       0.759767       0.752963       0.745194       0.742525       0.727285       0.691192       0.629576       0.583803       0.545661       0.514720       0.488254       0.463029       0.437883       0.413970       0.533868
   13638.0000    7463.7564     0.843527       0.814114       0.801923       0.778775       0.765197       0.743534       0.748178       0.742171       0.746249       0.724896       0.691939       0.631200       0.581408       0.546236       0.514605       0.490063       0.463430       0.439262       0.415637       0.534635
   13818.0000    7562.2661     0.866039       0.796620       0.796269       0.776466       0.770535       0.750330       0.741055       0.752016       0.737738       0.741035       0.690479       0.630960       0.586405       0.545474       0.513674       0.487908       0.466908       0.439204       0.414606       0.534888
   14001.0000    7662.4177     0.848458       0.814753       0.787906       0.771518       0.774677       0.769034       0.745123       0.742055       0.753481       0.725258       0.692213       0.631812       0.584559       0.547642       0.514202       0.489165       0.465447       0.440451       0.414333       0.535291
   14184.0000    7762.5693     0.854061       0.800441       0.787382       0.794956       0.767981       0.765285       0.751319       0.738241       0.738668       0.729211       0.690243       0.629793       0.587126       0.548451       0.519042       0.486547       0.464937       0.442055       0.415083       0.535791
   14364.0000    7861.0791     0.839107       0.814364       0.802840       0.786884       0.765396       0.766830       0.731965       0.754325       0.735298       0.716472       0.690088       0.630931       0.584570       0.553052       0.518320       0.491220       0.465436       0.439730       0.415748       0.536327
   14547.0000    7961.2307     0.842568       0.804079       0.799667       0.781806       0.785715       0.760143       0.749489       0.752593       0.738025       0.730882       0.691717       0.629820       0.587446       0.553121       0.515456       0.490270       0.466364       0.441490       0.416523       0.536855
   14617.9375    8000.0531     0.866792       0.796916       0.788643       0.783735       0.783548       0.770956       0.765986       0.751821       0.735748       0.713700       0.687831       0.634066       0.588920       0.549553       0.519544       0.490514       0.465232       0.439061       0.417683       0.536897
