       0.0000       0.0000   1    0.000000     0    0.000000     0    0.000000     0    0.000000     0    0.000000     0    0.000000     0    0.000000     0    0.000000     0    0.000000     0    0.000000     0
       0.0000       0.0000   2    0.000000     0    0.000000     0    0.000000     0    0.000000     0    0.000000     0    0.000000     0    0.000000     0    0.000000     0    0.000000     0    0.000000     0
       0.0000       0.0000   3    0.000000     0    0.000000     0    0.000000     0    0.000000     0    0.000000     0    0.000000     0    0.000000     0    0.000000     0    0.000000     0    0.000000     0
     183.0000     100.1516   1    0.000000     0    0.000000     0    0.000000     0    0.000000     0    0.000000     0    0.000000     0    0.000000     0    0.000000     0    0.000000     0    0.000000     0
     183.0000     100.1516   2    0.000000     0    0.000000     0    0.000000     0    0.000000     0    0.000000     0    0.000000     0    0.000000     0    0.000000     0    0.000000     0    0.000000     0
     183.0000     100.1516   3    0.000000     0    0.000000     0    0.000000     0    0.000000     0    0.000000     0    0.000000     0    0.000000     0    0.000000     0    0.000000     0    0.000000     0
     366.0000     200.3032   1    0.000000     0    0.000000     0    0.000000     0    0.000000     0    0.000000     0    0.000000     0    0.000000     0    0.000000     0    0.000000     0    0.000000     0
     366.0000     200.3032   2    0.000000     0    0.000000     0    0.000000     0    0.000000     0    0.000000     0    0.000000     0    0.000000     0    0.000000     0    0.000000     0    0.000000     0
     366.0000     200.3032   3    0.000000     0    0.000000     0    0.000000     0    0.000000     0    0.000000     0    0.000000     0    0.000000     0    0.000000     0    0.000000     0    0.000000     0
     546.0000     298.8129   1    0.000000     0    0.000000     0    0.000000     0    0.000000     0    0.000000     0    0.000000     0    0.000000     0    0.000000     0    0.000000     0    0.000000     0
     546.0000     298.8129   2    0.000000     0    0.000000     0    0.000000     0    0.000000     0    0.000000     0    0.000000     0    0.000000     0    0.000000     0    0.000000     0    0.000000     0
     546.0000     298.8129   3    0.000000     0    0.000000     0    0.000000     0    0.000000     0    0.000000     0    0.000000     0    0.000000     0    0.000000     0    0.000000     0    0.000000     0
     729.0000     398.9645   1    0.000000     0    0.000000     0    0.000000     0    0.000000     0    0.000000     0    0.000000     0    0.000000     0    0.000000     0    0.000000     0    0.000000     0
     729.0000     398.9645   2    0.000000     0    0.000000     0    0.000000     0    0.000000     0    0.000000     0    0.000000     0    0.000000     0    0.000000     0    0.000000     0    0.000000     0
     729.0000     398.9645   3    0.000000     0    0.000000     0    0.000000     0    0.000000     0    0.000000     0    0.000000     0    0.000000     0    0.000000     0    0.000000     0    0.000000     0
     912.0000     499.1161   1    0.000000     0    0.000000     0    0.000000     0    0.000000     0    0.000000     0    0.000000     0    0.000000     0    0.000000     0    0.000000     0    0.000000     0
     912.0000     499.1161   2    0.000000     0    0.000000     0    0.000000     0    0.000000     0    0.000000     0    0.000000     0    0.000000     0    0.000000     0    0.000000     0    0.000000     0
     912.0000     499.1161   3    0.000000     0    0.000000     0    0.000000     0    0.000000     0    0.000000     0    0.000000     0    0.000000     0    0.000000     0    0.000000     0    0.000000     0
    1092.0000     597.6259   1    0.000000     0    0.000000     0    0.000000     0    0.000000     0    0.000000     0    0.000000     0    0.000000     0    0.000000     0    0.000000     0    0.000000     0
    1092.0000     597.6259   2    0.000000     0    0.000000     0    0.000000     0    0.000000     0    0.000000     0    0.000000     0    0.000000     0    0.000000     0    0.000000     0    0.000000     0
    1092.0000     597.6259   3    0.000000     0    0.000000     0    0.000000     0    0.000000     0    0.000000     0    0.000000     0    0.000000     0    0.000000     0    0.000000     0    0.000000     0
    1275.0000     697.7775   1    0.000000     0    0.000000     0    0.000000     0    0.000000     0    0.000000     0    0.000000     0    0.000000     0    0.000000     0    0.000000     0    0.000000     0
    1275.0000     697.7775   2    0.000000     0    0.000000     0    0.000000     0    0.000000     0    0.000000     0    0.000000     0    0.000000     0    0.000000     0    0.000000     0    0.000000     0
    1275.0000     697.7775   3    0.000000     0    0.000000     0    0.000000     0    0.000000     0    0.000000     0    0.000000     0    0.000000     0    0.000000     0    0.000000     0    0.000000     0
    1455.0000     796.2872   1    0.000000     0    0.000000     0    0.000000     0    0.000000     0    0.000000     0    0.000000     0    0.000000     0    0.000000     0    0.000000     0    0.000000     0
    1455.0000     796.2872   2    0.000000     0    0.000000     0    0.000000     0    0.000000     0    0.000000     0    0.000000     0    0.000000     0    0.000000     0    0.000000     0    0.000000     0
    1455.0000     796.2872   3    0.000000     0    0.000000     0    0.000000     0    0.000000     0    0.000000     0    0.000000     0    0.000000     0    0.000000     0    0.000000     0    0.000000     0
    1638.0000     896.4388   1    0.000000     0    0.000000     0    0.000000     0    0.000000     0    0.000000     0    0.000000     0    0.000000     0    0.000000     0    0.000000     0    0.000000     0
    1638.0000     896.4388   2    0.000000     0    0.000000     0    0.000000     0    0.000000     0    0.000000     0    0.000000     0    0.000000     0    0.000000     0    0.000000     0    0.000000     0
    1638.0000     896.4388   3    0.000000     0    0.000000     0    0.000000     0    0.000000     0    0.000000     0    0.000000     0    0.000000     0    0.000000     0    0.000000     0    0.000000     0
    1821.0000     996.5904   1    0.000000     0    0.000000     0    0.000000     0    0.000000     0    0.000000     0    0.000000     0    0.000000     0    0.000000     0    0.000000     0    0.000000     0
    1821.0000     996.5904   2    0.000000     0    0.000000     0    0.000000     0    0.000000     0    0.000000     0    0.000000     0    0.000000     0    0.000000     0    0.000000     0    0.000000     0
    1821.0000     996.5904   3    0.000000     0    0.000000     0    0.000000     0    0.000000     0    0.000000     0    0.000000     0    0.000000     0    0.000000     0    0.000000     0    0.000000     0
    2001.0000    1095.1002   1    0.000000     0    0.000000     0    0.000000     0    0.000000     0    0.000000     0    0.000000     0    0.000000     0    0.000000     0    0.000000     0    0.000000     0
    2001.0000    1095.1002   2    0.000000     0    0.000000     0    0.000000     0    0.000000     0    0.000000     0    0.000000     0    0.000000     0    0.000000     0    0.000000     0    0.000000     0
    2001.0000    1095.1002   3    0.000000     0    0.000000     0    0.000000     0    0.000000     0    0.000000     0    0.000000     0    0.000000     0    0.000000     0    0.000000     0    0.000000     0
    2184.0000    1195.2518   1    0.000000     0    0.000000     0    0.000000     0    0.000000     0    0.000000     0    0.000000     0    0.000000     0    0.000000     0    0.000000     0    0.000000     0
    2184.0000    1195.2518   2    0.000000     0    0.000000     0    0.000000     0    0.000000     0    0.000000     0    0.000000     0    0.000000     0    0.000000     0    0.000000     0    0.000000     0
    2184.0000    1195.2518   3    0.000000     0    0.000000     0    0.000000     0    0.000000     0    0.000000     0    0.000000     0    0.000000     0    0.000000     0    0.000000     0    0.000000     0
    2364.0000    1293.7616   1    0.000000     0    0.000000     0    0.000000     0    0.000000     0    0.000000     0    0.000000     0    0.000000     0    0.000000     0    0.000000     0    0.000000     0
    2364.0000    1293.7616   2    0.000000     0    0.000000     0    0.000000     0    0.000000     0    0.000000     0    0.000000     0    0.000000     0    0.000000     0    0.000000     0    0.000000     0
    2364.0000    1293.7616   3    0.000000     0    0.000000     0    0.000000     0    0.000000     0    0.000000     0    0.000000     0    0.000000     0    0.000000     0    0.000000     0    0.000000     0
    2547.0000    1393.9131   1    0.000000     0    0.000000     0    0.000000     0    0.000000     0    0.000000     0    0.000000     0    0.000000     0    0.000000     0    0.000000     0    0.000000     0
    2547.0000    1393.9131   2    0.000000     0    0.000000     0    0.000000     0    0.000000     0    0.000000     0    0.000000     0    0.000000     0    0.000000     0    0.000000     0    0.000000     0
    2547.0000    1393.9131   3    0.000000     0    0.000000     0    0.000000     0    0.000000     0    0.000000     0    0.000000     0    0.000000     0    0.000000     0    0.000000     0    0.000000     0
    2730.0000    1494.0647   1    0.000000     0    0.000000     0    0.000000     0    0.000000     0    0.000000     0    0.000000     0    0.000000     0    0.000000     0    0.000000     0    0.000000     0
    2730.0000    1494.0647   2    0.000000     0    0.000000     0    0.000000     0    0.000000     0    0.000000     0    0.000000     0    0.000000     0    0.000000     0    0.000000     0    0.000000     0
    2730.0000    1494.0647   3    0.000000     0    0.000000     0    0.000000     0    0.000000     0    0.000000     0    0.000000     0    0.000000     0    0.000000     0    0.000000     0    0.000000     0
    2910.0000    1592.5745   1    0.000000     0    0.000000     0    0.000000     0    0.000000     0    0.000000     0    0.000000     0    0.000000     0    0.000000     0    0.000000     0    0.000000     0
    2910.0000    1592.5745   2    0.000000     0    0.000000     0    0.000000     0    0.000000     0    0.000000     0    0.000000     0    0.000000     0    0.000000     0    0.000000     0    0.000000     0
    2910.0000    1592.5745   3    0.000000     0    0.000000     0    0.000000     0    0.000000     0    0.000000     0    0.000000     0    0.000000     0    0.000000     0    0.000000     0    0.000000     0
    3093.0000    1692.7261   1    0.000000     0    0.000000     0    0.000000     0    0.000000     0    0.000000     0    0.000000     0    0.000000     0    0.000000     0    0.000000     0    0.000000     0
    3093.0000    1692.7261   2    0.000000     0    0.000000     0    0.000000     0    0.000000     0    0.000000     0    0.000000     0    0.000000     0    0.000000     0    0.000000     0    0.000000     0
    3093.0000    1692.7261   3    0.000000     0    0.000000     0    0.000000     0    0.000000     0    0.000000     0    0.000000     0    0.000000     0    0.000000     0    0.000000     0    0.000000     0
    3273.0000    1791.2359   1    0.000000     0    0.000000     0    0.000000     0    0.000000     0    0.000000     0    0.000000     0    0.000000     0    0.000000     0    0.000000     0    0.000000     0
    3273.0000    1791.2359   2    0.000000     0    0.000000     0    0.000000     0    0.000000     0    0.000000     0    0.000000     0    0.000000     0    0.000000     0    0.000000     0    0.000000     0
    3273.0000    1791.2359   3    0.000000     0    0.000000     0    0.000000     0    0.000000     0    0.000000     0    0.000000     0    0.000000     0    0.000000     0    0.000000     0    0.000000     0
    3456.0000    1891.3874   1    0.000000     0    0.000000     0    0.000000     0    0.000000     0    0.000000     0    0.000000     0    0.000000     0    0.000000     0    0.000000     0    0.000000     0
    3456.0000    1891.3874   2    0.000000     0    0.000000     0    0.000000     0    0.000000     0    0.000000     0    0.000000     0    0.000000     0    0.000000     0    0.000000     0    0.000000     0
    3456.0000    1891.3874   3    0.000000     0    0.000000     0    0.000000     0    0.000000     0    0.000000     0    0.000000     0    0.000000     0    0.000000     0    0.000000     0    0.000000     0
    3639.0000    1991.5390   1    0.000000     0    0.000000     0    0.000000     0    0.000000     0    0.000000     0    0.000000     0    0.000000     0    0.000000     0    0.000000     0    0.000000     0
    3639.0000    1991.5390   2    0.000000     0    0.000000     0    0.000000     0    0.000000     0    0.000000     0    0.000000     0    0.000000     0    0.000000     0    0.000000     0    0.000000     0
    3639.0000    1991.5390   3    0.000000     0    0.000000     0    0.000000     0    0.000000     0    0.000000     0    0.000000     0    0.000000     0    0.000000     0    0.000000     0    0.000000     0
    3819.0000    2090.0488   1    0.000000     0    0.000000     0    0.000000     0    0.000000     0    0.000000     0    0.000000     0    0.000000     0    0.000000     0    0.000000     0    0.000000     0
    3819.0000    2090.0488   2    0.000000     0    0.000000     0    0.000000     0    0.000000     0    0.000000     0    0.000000     0    0.000000     0    0.000000     0    0.000000     0    0.000000     0
    3819.0000    2090.0488   3    0.000000     0    0.000000     0    0.000000     0    0.000000     0    0.000000     0    0.000000     0    0.000000     0    0.000000     0    0.000000     0    0.000000     0
    4002.0000    2190.2004   1    0.000000     0    0.000000     0    0.000000     0    0.000000     0    0.000000     0    0.000000     0    0.000000     0    0.000000     0    0.000000     0    0.000000     0
    4002.0000    2190.2004   2    0.000000     0    0.000000     0    0.000000     0    0.000000     0    0.000000     0    0.000000     0    0.000000     0    0.000000     0    0.000000     0    0.000000     0
    4002.0000    2190.2004   3    0.000000     0    0.000000     0    0.000000     0    0.000000     0    0.000000     0    0.000000     0    0.000000     0    0.000000     0    0.000000     0    0.000000     0
    4182.0000    2288.7102   1    0.000000     0    0.000000     0    0.000000     0    0.000000     0    0.000000     0    0.000000     0    0.000000     0    0.000000     0    0.000000     0    0.000000     0
    4182.0000    2288.7102   2    0.000000     0    0.000000     0    0.000000     0    0.000000     0    0.000000     0    0.000000     0    0.000000     0    0.000000     0    0.000000     0    0.000000     0
    4182.0000    2288.7102   3    0.000000     0    0.000000     0    0.000000     0    0.000000     0    0.000000     0    0.000000     0    0.000000     0    0.000000     0    0.000000     0    0.000000     0
    4365.0000    2388.8617   1    0.000000     0    0.000000     0    0.000000     0    0.000000     0    0.000000     0    0.000000     0    0.000000     0    0.000000     0    0.000000     0    0.000000     0
    4365.0000    2388.8617   2    0.000000     0    0.000000     0    0.000000     0    0.000000     0    0.000000     0    0.000000     0    0.000000     0    0.000000     0    0.000000     0    0.000000     0
    4365.0000    2388.8617   3    0.000000     0    0.000000     0    0.000000     0    0.000000     0    0.000000     0    0.000000     0    0.000000     0    0.000000     0    0.000000     0    0.000000     0
    4548.0000    2489.0133   1    0.000000     0    0.000000     0    0.000000     0    0.000000     0    0.000000     0    0.000000     0    0.000000     0    0.000000     0    0.000000     0    0.000000     0
    4548.0000    2489.0133   2    0.000000     0    0.000000     0    0.000000     0    0.000000     0    0.000000     0    0.000000     0    0.000000     0    0.000000     0    0.000000     0    0.000000     0
    4548.0000    2489.0133   3    0.000000     0    0.000000     0    0.000000     0    0.000000     0    0.000000     0    0.000000     0    0.000000     0    0.000000     0    0.000000     0    0.000000     0
    4728.0000    2587.5231   1    0.000000     0    0.000000     0    0.000000     0    0.000000     0    0.000000     0    0.000000     0    0.000000     0    0.000000     0    0.000000     0    0.000000     0
    4728.0000    2587.5231   2    0.000000     0    0.000000     0    0.000000     0    0.000000     0    0.000000     0    0.000000     0    0.000000     0    0.000000     0    0.000000     0    0.000000     0
    4728.0000    2587.5231   3    0.000000     0    0.000000     0    0.000000     0    0.000000     0    0.000000     0    0.000000     0    0.000000     0    0.000000     0    0.000000     0    0.000000     0
    4911.0000    2687.6747   1    0.000000     0    0.000000     0    0.000000     0    0.000000     0    0.000000     0    0.000000     0    0.000000     0    0.000000     0    0.000000     0    0.000000     0
    4911.0000    2687.6747   2    0.000000     0    0.000000     0    0.000000     0    0.000000     0    0.000000     0    0.000000     0    0.000000     0    0.000000     0    0.000000     0    0.000000     0
    4911.0000    2687.6747   3    0.000000     0    0.000000     0    0.000000     0    0.000000     0    0.000000     0    0.000000     0    0.000000     0    0.000000     0    0.000000     0    0.000000     0
    5091.0000    2786.1845   1    0.000000     0    0.000000     0    0.000000     0    0.000000     0    0.000000     0    0.000000     0    0.000000     0    0.000000     0    0.000000     0    0.000000     0
    5091.0000    2786.1845   2    0.000000     0    0.000000     0    0.000000     0    0.000000     0    0.000000     0    0.000000     0    0.000000     0    0.000000     0    0.000000     0    0.000000     0
    5091.0000    2786.1845   3    0.000000     0    0.000000     0    0.000000     0    0.000000     0    0.000000     0    0.000000     0    0.000000     0    0.000000     0    0.000000     0    0.000000     0
    5274.0000    2886.3360   1    0.000000     0    0.000000     0    0.000000     0    0.000000     0    0.000000     0    0.000000     0    0.000000     0    0.000000     0    0.000000     0    0.000000     0
    5274.0000    2886.3360   2    0.000000     0    0.000000     0    0.000000     0    0.000000     0    0.000000     0    0.000000     0    0.000000     0    0.000000     0    0.000000     0    0.000000     0
    5274.0000    2886.3360   3    0.000000     0    0.000000     0    0.000000     0    0.000000     0    0.000000     0    0.000000     0    0.000000     0    0.000000     0    0.000000     0    0.000000     0
    5457.0000    2986.4876   1    0.000000     0    0.000000     0    0.000000     0    0.000000     0    0.000000     0    0.000000     0    0.000000     0    0.000000     0    0.000000     0    0.000000     0
    5457.0000    2986.4876   2    0.000000     0    0.000000     0    0.000000     0    0.000000     0    0.000000     0    0.000000     0    0.000000     0    0.000000     0    0.000000     0    0.000000     0
    5457.0000    2986.4876   3    0.000000     0    0.000000     0    0.000000     0    0.000000     0    0.000000     0    0.000000     0    0.000000     0    0.000000     0    0.000000     0    0.000000     0
    5637.0000    3084.9974   1    0.000000     0    0.000000     0    0.000000     0    0.000000     0    0.000000     0    0.000000     0    0.000000     0    0.000000     0    0.000000     0    0.000000     0
    5637.0000    3084.9974   2    0.000000     0    0.000000     0    0.000000     0    0.000000     0    0.000000     0    0.000000     0    0.000000     0    0.000000     0    0.000000     0    0.000000     0
    5637.0000    3084.9974   3    0.000000     0    0.000000     0    0.000000     0    0.000000     0    0.000000     0    0.000000     0    0.000000     0    0.000000     0    0.000000     0    0.000000     0
    5820.0000    3185.1490   1    0.000000     0    0.000000     0    0.000000     0    0.000000     0    0.000000     0    0.000000     0    0.000000     0    0.000000     0    0.000000     0    0.000000     0
    5820.0000    3185.1490   2    0.000000     0    0.000000     0    0.000000     0    0.000000     0    0.000000     0    0.000000     0    0.000000     0    0.000000     0    0.000000     0    0.000000     0
    5820.0000    3185.1490   3    0.000000     0    0.000000     0    0.000000     0    0.000000     0    0.000000     0    0.000000     0    0.000000     0    0.000000     0    0.000000     0    0.000000     0
    6000.0000    3283.6588   1    0.000000     0    0.000000     0    0.000000     0    0.000000     0    0.000000     0    0.000000     0    0.000000     0    0.000000     0    0.000000     0    0.000000     0
    6000.0000    3283.6588   2    0.000000     0    0.000000     0    0.000000     0    0.000000     0    0.000000     0    0.000000     0    0.000000     0    0.000000     0    0.000000     0    0.000000     0
    6000.0000    3283.6588   3    0.000000     0    0.000000     0    0.000000     0    0.000000     0    0.000000     0    0.000000     0    0.000000     0    0.000000     0    0.000000     0    0.000000     0
    6183.0000    3383.8104   1    0.000000     0    0.000000     0    0.000000     0    0.000000     0    0.000000     0    0.000000     0    0.000000     0    0.000000     0    0.000000     0    0.000000     0
    6183.0000    3383.8104   2    0.000000     0    0.000000     0    0.000000     0    0.000000     0    0.000000     0    0.000000     0    0.000000     0    0.000000     0    0.000000     0    0.000000     0
    6183.0000    3383.8104   3    0.000000     0    0.000000     0    0.000000     0    0.000000     0    0.000000     0    0.000000     0    0.000000     0    0.000000     0    0.000000     0    0.000000     0
    6366.0000    3483.9619   1    0.000000     0    0.000000     0    0.000000     0    0.000000     0    0.000000     0    0.000000     0    0.000000     0    0.000000     0    0.000000     0    0.000000     0
    6366.0000    3483.9619   2    0.000000     0    0.000000     0    0.000000     0    0.000000     0    0.000000     0    0.000000     0    0.000000     0    0.000000     0    0.000000     0    0.000000     0
    6366.0000    3483.9619   3    0.000000     0    0.000000     0    0.000000     0    0.000000     0    0.000000     0    0.000000     0    0.000000     0    0.000000     0    0.000000     0    0.000000     0
    6546.0000    3582.4717   1    0.000000     0    0.000000     0    0.000000     0    0.000000     0    0.000000     0    0.000000     0    0.000000     0    0.000000     0    0.000000     0    0.000000     0
    6546.0000    3582.4717   2    0.000000     0    0.000000     0    0.000000     0    0.000000     0    0.000000     0    0.000000     0    0.000000     0    0.000000     0    0.000000     0    0.000000     0
    6546.0000    3582.4717   3    0.000000     0    0.000000     0    0.000000     0    0.000000     0    0.000000     0    0.000000     0    0.000000     0    0.000000     0    0.000000     0    0.000000     0
    6729.0000    3682.6233   1    0.000000     0    0.000000     0    0.000000     0    0.000000     0    0.000000     0    0.000000     0    0.000000     0    0.000000     0    0.000000     0    0.000000     0
    6729.0000    3682.6233   2    0.000000     0    0.000000     0    0.000000     0    0.000000     0    0.000000     0    0.000000     0    0.000000     0    0.000000     0    0.000000     0    0.000000     0
    6729.0000    3682.6233   3    0.000000     0    0.000000     0    0.000000     0    0.000000     0    0.000000     0    0.000000     0    0.000000     0    0.000000     0    0.000000     0    0.000000     0
    6909.0000    3781.1331   1    0.000000     0    0.000000     0    0.000000     0    0.000000     0    0.000000     0    0.000000     0    0.000000     0    0.000000     0    0.000000     0    0.000000     0
    6909.0000    3781.1331   2    0.000000     0    0.000000     0    0.000000     0    0.000000     0    0.000000     0    0.000000     0    0.000000     0    0.000000     0    0.000000     0    0.000000     0
    6909.0000    3781.1331   3    0.000000     0    0.000000     0    0.000000     0    0.000000     0    0.000000     0    0.000000     0    0.000000     0    0.000000     0    0.000000     0    0.000000     0
    7092.0000    3881.2847   1    0.000000     0    0.000000     0    0.000000     0    0.000000     0    0.000000     0    0.000000     0    0.000000     0    0.000000     0    0.000000     0    0.000000     0
    7092.0000    3881.2847   2    0.000000     0    0.000000     0    0.000000     0    0.000000     0    0.000000     0    0.000000     0    0.000000     0    0.000000     0    0.000000     0    0.000000     0
    7092.0000    3881.2847   3    0.000000     0    0.000000     0    0.000000     0    0.000000     0    0.000000     0    0.000000     0    0.000000     0    0.000000     0    0.000000     0    0.000000     0
    7275.0000    3981.4362   1    0.000000     0    0.000000     0    0.000000     0    0.000000     0    0.000000     0    0.000000     0    0.000000     0    0.000000     0    0.000000     0    0.000000     0
    7275.0000    3981.4362   2    0.000000     0    0.000000     0    0.000000     0    0.000000     0    0.000000     0    0.000000     0    0.000000     0    0.000000     0    0.000000     0    0.000000     0
    7275.0000    3981.4362   3    0.000000     0    0.000000     0    0.000000     0    0.000000     0    0.000000     0    0.000000     0    0.000000     0    0.000000     0    0.000000     0    0.000000     0
    7455.0000    4079.9460   1    0.000000     0    0.000000     0    0.000000     0    0.000000     0    0.000000     0    0.000000     0    0.000000     0    0.000000     0    0.000000     0    0.000000     0
    7455.0000    4079.9460   2    0.000000     0    0.000000     0    0.000000     0    0.000000     0    0.000000     0    0.000000     0    0.000000     0    0.000000     0    0.000000     0    0.000000     0
    7455.0000    4079.9460   3    0.000000     0    0.000000     0    0.000000     0    0.000000     0    0.000000     0    0.000000     0    0.000000     0    0.000000     0    0.000000     0    0.000000     0
    7638.0000    4180.0976   1    0.000000     0    0.000000     0    0.000000     0    0.000000     0    0.000000     0    0.000000     0    0.000000     0    0.000000     0    0.000000     0    0.000000     0
    7638.0000    4180.0976   2    0.000000     0    0.000000     0    0.000000     0    0.000000     0    0.000000     0    0.000000     0    0.000000     0    0.000000     0    0.000000     0    0.000000     0
    7638.0000    4180.0976   3    0.000000     0    0.000000     0    0.000000     0    0.000000     0    0.000000     0    0.000000     0    0.000000     0    0.000000     0    0.000000     0    0.000000     0
    7818.0000    4278.6074   1    0.000000     0    0.000000     0    0.000000     0    0.000000     0    0.000000     0    0.000000     0    0.000000     0    0.000000     0    0.000000     0    0.000000     0
    7818.0000    4278.6074   2    0.000000     0    0.000000     0    0.000000     0    0.000000     0    0.000000     0    0.000000     0    0.000000     0    0.000000     0    0.000000     0    0.000000     0
    7818.0000    4278.6074   3    0.000000     0    0.000000     0    0.000000     0    0.000000     0    0.000000     0    0.000000     0    0.000000     0    0.000000     0    0.000000     0    0.000000     0
    8001.0000    4378.7590   1    0.000000     0    0.000000     0    0.000000     0    0.000000     0    0.000000     0    0.000000     0    0.000000     0    0.000000     0    0.000000     0    0.000000     0
    8001.0000    4378.7590   2    0.000000     0    0.000000     0    0.000000     0    0.000000     0    0.000000     0    0.000000     0    0.000000     0    0.000000     0    0.000000     0    0.000000     0
    8001.0000    4378.7590   3    0.000000     0    0.000000     0    0.000000     0    0.000000     0    0.000000     0    0.000000     0    0.000000     0    0.000000     0    0.000000     0    0.000000     0
    8184.0000    4478.9105   1    0.000000     0    0.000000     0    0.000000     0    0.000000     0    0.000000     0    0.000000     0    0.000000     0    0.000000     0    0.000000     0    0.000000     0
    8184.0000    4478.9105   2    0.000000     0    0.000000     0    0.000000     0    0.000000     0    0.000000     0    0.000000     0    0.000000     0    0.000000     0    0.000000     0    0.000000     0
    8184.0000    4478.9105   3    0.000000     0    0.000000     0    0.000000     0    0.000000     0    0.000000     0    0.000000     0    0.000000     0    0.000000     0    0.000000     0    0.000000     0
    8364.0000    4577.4203   1    0.000000     0    0.000000     0    0.000000     0    0.000000     0    0.000000     0    0.000000     0    0.000000     0    0.000000     0    0.000000     0    0.000000     0
    8364.0000    4577.4203   2    0.000000     0    0.000000     0    0.000000     0    0.000000     0    0.000000     0    0.000000     0    0.000000     0    0.000000     0    0.000000     0    0.000000     0
    8364.0000    4577.4203   3    0.000000     0    0.000000     0    0.000000     0    0.000000     0    0.000000     0    0.000000     0    0.000000     0    0.000000     0    0.000000     0    0.000000     0
    8547.0000    4677.5719   1    0.000000     0    0.000000     0    0.000000     0    0.000000     0    0.000000     0    0.000000     0    0.000000     0    0.000000     0    0.000000     0    0.000000     0
    8547.0000    4677.5719   2    0.000000     0    0.000000     0    0.000000     0    0.000000     0    0.000000     0    0.000000     0    0.000000     0    0.000000     0    0.000000     0    0.000000     0
    8547.0000    4677.5719   3    0.000000     0    0.000000     0    0.000000     0    0.000000     0    0.000000     0    0.000000     0    0.000000     0    0.000000     0    0.000000     0    0.000000     0
    8727.0000    4776.0817   1    0.000000     0    0.000000     0    0.000000     0    0.000000     0    0.000000     0    0.000000     0    0.000000     0    0.000000     0    0.000000     0    0.000000     0
    8727.0000    4776.0817   2    0.000000     0    0.000000     0    0.000000     0    0.000000     0    0.000000     0    0.000000     0    0.000000     0    0.000000     0    0.000000     0    0.000000     0
    8727.0000    4776.0817   3    0.000000     0    0.000000     0    0.000000     0    0.000000     0    0.000000     0    0.000000     0    0.000000     0    0.000000     0    0.000000     0    0.000000     0
    8910.0000    4876.2333   1    0.000000     0    0.000000     0    0.000000     0    0.000000     0    0.000000     0    0.000000     0    0.000000     0    0.000000     0    0.000000     0    0.000000     0
    8910.0000    4876.2333   2    0.000000     0    0.000000     0    0.000000     0    0.000000     0    0.000000     0    0.000000     0    0.000000     0    0.000000     0    0.000000     0    0.000000     0
    8910.0000    4876.2333   3    0.000000     0    0.000000     0    0.000000     0    0.000000     0    0.000000     0    0.000000     0    0.000000     0    0.000000     0    0.000000     0    0.000000     0
    9093.0000    4976.3848   1    0.000000     0    0.000000     0    0.000000     0    0.000000     0    0.000000     0    0.000000     0    0.000000     0    0.000000     0    0.000000     0    0.000000     0
    9093.0000    4976.3848   2    0.000000     0    0.000000     0    0.000000     0    0.000000     0    0.000000     0    0.000000     0    0.000000     0    0.000000     0    0.000000     0    0.000000     0
    9093.0000    4976.3848   3    0.000000     0    0.000000     0    0.000000     0    0.000000     0    0.000000     0    0.000000     0    0.000000     0    0.000000     0    0.000000     0    0.000000     0
    9273.0000    5074.8946   1    0.000000     0    0.000000     0    0.000000     0    0.000000     0    0.000000     0    0.000000     0    0.000000     0    0.000000     0    0.000000     0    0.000000     0
    9273.0000    5074.8946   2    0.000000     0    0.000000     0    0.000000     0    0.000000     0    0.000000     0    0.000000     0    0.000000     0    0.000000     0    0.000000     0    0.000000     0
    9273.0000    5074.8946   3    0.000000     0    0.000000     0    0.000000     0    0.000000     0    0.000000     0    0.000000     0    0.000000     0    0.000000     0    0.000000     0    0.000000     0
    9456.0000    5175.0462   1    0.000000     0    0.000000     0    0.000000     0    0.000000     0    0.000000     0    0.000000     0    0.000000     0    0.000000     0    0.000000     0    0.000000     0
    9456.0000    5175.0462   2    0.000000     0    0.000000     0    0.000000     0    0.000000     0    0.000000     0    0.000000     0    0.000000     0    0.000000     0    0.000000     0    0.000000     0
    9456.0000    5175.0462   3    0.000000     0    0.000000     0    0.000000     0    0.000000     0    0.000000     0    0.000000     0    0.000000     0    0.000000     0    0.000000     0    0.000000     0
    9636.0000    5273.5560   1    0.000000     0    0.000000     0    0.000000     0    0.000000     0    0.000000     0    0.000000     0    0.000000     0    0.000000     0    0.000000     0    0.000000     0
    9636.0000    5273.5560   2    0.000000     0    0.000000     0    0.000000     0    0.000000     0    0.000000     0    0.000000     0    0.000000     0    0.000000     0    0.000000     0    0.000000     0
    9636.0000    5273.5560   3    0.000000     0    0.000000     0    0.000000     0    0.000000     0    0.000000     0    0.000000     0    0.000000     0    0.000000     0    0.000000     0    0.000000     0
    9819.0000    5373.7076   1    0.000000     0    0.000000     0    0.000000     0    0.000000     0    0.000000     0    0.000000     0    0.000000     0    0.000000     0    0.000000     0    0.000000     0
    9819.0000    5373.7076   2    0.000000     0    0.000000     0    0.000000     0    0.000000     0    0.000000     0    0.000000     0    0.000000     0    0.000000     0    0.000000     0    0.000000     0
    9819.0000    5373.7076   3    0.000000     0    0.000000     0    0.000000     0    0.000000     0    0.000000     0    0.000000     0    0.000000     0    0.000000     0    0.000000     0    0.000000     0
   10002.0000    5473.8592   1    0.000000     0    0.000000     0    0.000000     0    0.000000     0    0.000000     0    0.000000     0    0.000000     0    0.000000     0    0.000000     0    0.000000     0
   10002.0000    5473.8592   2    0.000000     0    0.000000     0    0.000000     0    0.000000     0    0.000000     0    0.000000     0    0.000000     0    0.000000     0    0.000000     0    0.000000     0
   10002.0000    5473.8592   3    0.000000     0    0.000000     0    0.000000     0    0.000000     0    0.000000     0    0.000000     0    0.000000     0    0.000000     0    0.000000     0    0.000000     0
   10182.0000    5572.3689   1    0.000000     0    0.000000     0    0.000000     0    0.000000     0    0.000000     0    0.000000     0    0.000000     0    0.000000     0    0.000000     0    0.000000     0
   10182.0000    5572.3689   2    0.000000     0    0.000000     0    0.000000     0    0.000000     0    0.000000     0    0.000000     0    0.000000     0    0.000000     0    0.000000     0    0.000000     0
   10182.0000    5572.3689   3    0.000000     0    0.000000     0    0.000000     0    0.000000     0    0.000000     0    0.000000     0    0.000000     0    0.000000     0    0.000000     0    0.000000     0
   10365.0000    5672.5205   1    0.000000     0    0.000000     0    0.000000     0    0.000000     0    0.000000     0    0.000000     0    0.000000     0    0.000000     0    0.000000     0    0.000000     0
   10365.0000    5672.5205   2    0.000000     0    0.000000     0    0.000000     0    0.000000     0    0.000000     0    0.000000     0    0.000000     0    0.000000     0    0.000000     0    0.000000     0
   10365.0000    5672.5205   3    0.000000     0    0.000000     0    0.000000     0    0.000000     0    0.000000     0    0.000000     0    0.000000     0    0.000000     0    0.000000     0    0.000000     0
   10545.0000    5771.0303   1    0.000000     0    0.000000     0    0.000000     0    0.000000     0    0.000000     0    0.000000     0    0.000000     0    0.000000     0    0.000000     0    0.000000     0
   10545.0000    5771.0303   2    0.000000     0    0.000000     0    0.000000     0    0.000000     0    0.000000     0    0.000000     0    0.000000     0    0.000000     0    0.000000     0    0.000000     0
   10545.0000    5771.0303   3    0.000000     0    0.000000     0    0.000000     0    0.000000     0    0.000000     0    0.000000     0    0.000000     0    0.000000     0    0.000000     0    0.000000     0
   10728.0000    5871.1819   1    0.000000     0    0.000000     0    0.000000     0    0.000000     0    0.000000     0    0.000000     0    0.000000     0    0.000000     0    0.000000     0    0.000000     0
   10728.0000    5871.1819   2    0.000000     0    0.000000     0    0.000000     0    0.000000     0    0.000000     0    0.000000     0    0.000000     0    0.000000     0    0.000000     0    0.000000     0
   10728.0000    5871.1819   3    0.000000     0    0.000000     0    0.000000     0    0.000000     0    0.000000     0    0.000000     0    0.000000     0    0.000000     0    0.000000     0    0.000000     0
   10911.0000    5971.3335   1    0.000000     0    0.000000     0    0.000000     0    0.000000     0    0.000000     0    0.000000     0    0.000000     0    0.000000     0    0.000000     0    0.000000     0
   10911.0000    5971.3335   2    0.000000     0    0.000000     0    0.000000     0    0.000000     0    0.000000     0    0.000000     0    0.000000     0    0.000000     0    0.000000     0    0.000000     0
   10911.0000    5971.3335   3    0.000000     0    0.000000     0    0.000000     0    0.000000     0    0.000000     0    0.000000     0    0.000000     0    0.000000     0    0.000000     0    0.000000     0
   11091.0000    6069.8432   1    0.000000     0    0.000000     0    0.000000     0    0.000000     0    0.000000     0    0.000000     0    0.000000     0    0.000000     0    0.000000     0    0.000000     0
   11091.0000    6069.8432   2    0.000000     0    0.000000     0    0.000000     0    0.000000     0    0.000000     0    0.000000     0    0.000000     0    0.000000     0    0.000000     0    0.000000     0
   11091.0000    6069.8432   3    0.000000     0    0.000000     0    0.000000     0    0.000000     0    0.000000     0    0.000000     0    0.000000     0    0.000000     0    0.000000     0    0.000000     0
   11274.0000    6169.9948   1    0.000000     0    0.000000     0    0.000000     0    0.000000     0    0.000000     0    0.000000     0    0.000000     0    0.000000     0    0.000000     0    0.000000     0
   11274.0000    6169.9948   2    0.000000     0    0.000000     0    0.000000     0    0.000000     0    0.000000     0    0.000000     0    0.000000     0    0.000000     0    0.000000     0    0.000000     0
   11274.0000    6169.9948   3    0.000000     0    0.000000     0    0.000000     0    0.000000     0    0.000000     0    0.000000     0    0.000000     0    0.000000     0    0.000000     0    0.000000     0
   11454.0000    6268.5046   1    0.000000     0    0.000000     0    0.000000     0    0.000000     0    0.000000     0    0.000000     0    0.000000     0    0.000000     0    0.000000     0    0.000000     0
   11454.0000    6268.5046   2    0.000000     0    0.000000     0    0.000000     0    0.000000     0    0.000000     0    0.000000     0    0.000000     0    0.000000     0    0.000000     0    0.000000     0
   11454.0000    6268.5046   3    0.000000     0    0.000000     0    0.000000     0    0.000000     0    0.000000     0    0.000000     0    0.000000     0    0.000000     0    0.000000     0    0.000000     0
   11637.0000    6368.6562   1    0.000000     0    0.000000     0    0.000000     0    0.000000     0    0.000000     0    0.000000     0    0.000000     0    0.000000     0    0.000000     0    0.000000     0
   11637.0000    6368.6562   2    0.000000     0    0.000000     0    0.000000     0    0.000000     0    0.000000     0    0.000000     0    0.000000     0    0.000000     0    0.000000     0    0.000000     0
   11637.0000    6368.6562   3    0.000000     0    0.000000     0    0.000000     0    0.000000     0    0.000000     0    0.000000     0    0.000000     0    0.000000     0    0.000000     0    0.000000     0
   11820.0000    6468.8078   1    0.000000     0    0.000000     0    0.000000     0    0.000000     0    0.000000     0    0.000000     0    0.000000     0    0.000000     0    0.000000     0    0.000000     0
   11820.0000    6468.8078   2    0.000000     0    0.000000     0    0.000000     0    0.000000     0    0.000000     0    0.000000     0    0.000000     0    0.000000     0    0.000000     0    0.000000     0
   11820.0000    6468.8078   3    0.000000     0    0.000000     0    0.000000     0    0.000000     0    0.000000     0    0.000000     0    0.000000     0    0.000000     0    0.000000     0    0.000000     0
   12000.0000    6567.3175   1    0.000000     0    0.000000     0    0.000000     0    0.000000     0    0.000000     0    0.000000     0    0.000000     0    0.000000     0    0.000000     0    0.000000     0
   12000.0000    6567.3175   2    0.000000     0    0.000000     0    0.000000     0    0.000000     0    0.000000     0    0.000000     0    0.000000     0    0.000000     0    0.000000     0    0.000000     0
   12000.0000    6567.3175   3    0.000000     0    0.000000     0    0.000000     0    0.000000     0    0.000000     0    0.000000     0    0.000000     0    0.000000     0    0.000000     0    0.000000     0
   12183.0000    6667.4691   1    0.000000     0    0.000000     0    0.000000     0    0.000000     0    0.000000     0    0.000000     0    0.000000     0    0.000000     0    0.000000     0    0.000000     0
   12183.0000    6667.4691   2    0.000000     0    0.000000     0    0.000000     0    0.000000     0    0.000000     0    0.000000     0    0.000000     0    0.000000     0    0.000000     0    0.000000     0
   12183.0000    6667.4691   3    0.000000     0    0.000000     0    0.000000     0    0.000000     0    0.000000     0    0.000000     0    0.000000     0    0.000000     0    0.000000     0    0.000000     0
   12366.0000    6767.6207   1    0.000000     0    0.000000     0    0.000000     0    0.000000     0    0.000000     0    0.000000     0    0.000000     0    0.000000     0    0.000000     0    0.000000     0
   12366.0000    6767.6207   2    0.000000     0    0.000000     0    0.000000     0    0.000000     0    0.000000     0    0.000000     0    0.000000     0    0.000000     0    0.000000     0    0.000000     0
   12366.0000    6767.6207   3    0.000000     0    0.000000     0    0.000000     0    0.000000     0    0.000000     0    0.000000     0    0.000000     0    0.000000     0    0.000000     0    0.000000     0
   12546.0000    6866.1305   1    0.000000     0    0.000000     0    0.000000     0    0.000000     0    0.000000     0    0.000000     0    0.000000     0    0.000000     0    0.000000     0    0.000000     0
   12546.0000    6866.1305   2    0.000000     0    0.000000     0    0.000000     0    0.000000     0    0.000000     0    0.000000     0    0.000000     0    0.000000     0    0.000000     0    0.000000     0
   12546.0000    6866.1305   3    0.000000     0    0.000000     0    0.000000     0    0.000000     0    0.000000     0    0.000000     0    0.000000     0    0.000000     0    0.000000     0    0.000000     0
   12729.0000    6966.2821   1    0.000000     0    0.000000     0    0.000000     0    0.000000     0    0.000000     0    0.000000     0    0.000000     0    0.000000     0    0.000000     0    0.000000     0
   12729.0000    6966.2821   2    0.000000     0    0.000000     0    0.000000     0    0.000000     0    0.000000     0    0.000000     0    0.000000     0    0.000000     0    0.000000     0    0.000000     0
   12729.0000    6966.2821   3    0.000000     0    0.000000     0    0.000000     0    0.000000     0    0.000000     0    0.000000     0    0.000000     0    0.000000     0    0.000000     0    0.000000     0
   12909.0000    7064.7918   1    0.000000     0    0.000000     0    0.000000     0    0.000000     0    0.000000     0    0.000000     0    0.000000     0    0.000000     0    0.000000     0    0.000000     0
   12909.0000    7064.7918   2    0.000000     0    0.000000     0    0.000000     0    0.000000     0    0.000000     0    0.000000     0    0.000000     0    0.000000     0    0.000000     0    0.000000     0
   12909.0000    7064.7918   3    0.000000     0    0.000000     0    0.000000     0    0.000000     0    0.000000     0    0.000000     0    0.000000     0    0.000000     0    0.000000     0    0.000000     0
   13092.0000    7164.9434   1    0.000000     0    0.000000     0    0.000000     0    0.000000     0    0.000000     0    0.000000     0    0.000000     0    0.000000     0    0.000000     0    0.000000     0
   13092.0000    7164.9434   2    0.000000     0    0.000000     0    0.000000     0    0.000000     0    0.000000     0    0.000000     0    0.000000     0    0.000000     0    0.000000     0    0.000000     0
   13092.0000    7164.9434   3    0.000000     0    0.000000     0    0.000000     0    0.000000     0    0.000000     0    0.000000     0    0.000000     0    0.000000     0    0.000000     0    0.000000     0
   13275.0000    7265.0950   1    0.000000     0    0.000000     0    0.000000     0    0.000000     0    0.000000     0    0.000000     0    0.000000     0    0.000000     0    0.000000     0    0.000000     0
   13275.0000    7265.0950   2    0.000000     0    0.000000     0    0.000000     0    0.000000     0    0.000000     0    0.000000     0    0.000000     0    0.000000     0    0.000000     0    0.000000     0
   13275.0000    7265.0950   3    0.000000     0    0.000000     0    0.000000     0    0.000000     0    0.000000     0    0.000000     0    0.000000     0    0.000000     0    0.000000     0    0.000000     0
   13455.0000    7363.6048   1    0.000000     0    0.000000     0    0.000000     0    0.000000     0    0.000000     0    0.000000     0    0.000000     0    0.000000     0    0.000000     0    0.000000     0
   13455.0000    7363.6048   2    0.000000     0    0.000000     0    0.000000     0    0.000000     0    0.000000     0    0.000000     0    0.000000     0    0.000000     0    0.000000     0    0.000000     0
   13455.0000    7363.6048   3    0.000000     0    0.000000     0    0.000000     0    0.000000     0    0.000000     0    0.000000     0    0.000000     0    0.000000     0    0.000000     0    0.000000     0
   13638.0000    7463.7564   1    0.000000     0    0.000000     0    0.000000     0    0.000000     0    0.000000     0    0.000000     0    0.000000     0    0.000000     0    0.000000     0    0.000000     0
   13638.0000    7463.7564   2    0.000000     0    0.000000     0    0.000000     0    0.000000     0    0.000000     0    0.000000     0    0.000000     0    0.000000     0    0.000000     0    0.000000     0
   13638.0000    7463.7564   3    0.000000     0    0.000000     0    0.000000     0    0.000000     0    0.000000     0    0.000000     0    0.000000     0    0.000000     0    0.000000     0    0.000000     0
   13818.0000    7562.2661   1    0.000000     0    0.000000     0    0.000000     0    0.000000     0    0.000000     0    0.000000     0    0.000000     0    0.000000     0    0.000000     0    0.000000     0
   13818.0000    7562.2661   2    0.000000     0    0.000000     0    0.000000     0    0.000000     0    0.000000     0    0.000000     0    0.000000     0    0.000000     0    0.000000     0    0.000000     0
   13818.0000    7562.2661   3    0.000000     0    0.000000     0    0.000000     0    0.000000     0    0.000000     0    0.000000     0    0.000000     0    0.000000     0    0.000000     0    0.000000     0
   14001.0000    7662.4177   1    0.000000     0    0.000000     0    0.000000     0    0.000000     0    0.000000     0    0.000000     0    0.000000     0    0.000000     0    0.000000     0    0.000000     0
   14001.0000    7662.4177   2    0.000000     0    0.000000     0    0.000000     0    0.000000     0    0.000000     0    0.000000     0    0.000000     0    0.000000     0    0.000000     0    0.000000     0
   14001.0000    7662.4177   3    0.000000     0    0.000000     0    0.000000     0    0.000000     0    0.000000     0    0.000000     0    0.000000     0    0.000000     0    0.000000     0    0.000000     0
   14184.0000    7762.5693   1    0.000000     0    0.000000     0    0.000000     0    0.000000     0    0.000000     0    0.000000     0    0.000000     0    0.000000     0    0.000000     0    0.000000     0
   14184.0000    7762.5693   2    0.000000     0    0.000000     0    0.000000     0    0.000000     0    0.000000     0    0.000000     0    0.000000     0    0.000000     0    0.000000     0    0.000000     0
   14184.0000    7762.5693   3    0.000000     0    0.000000     0    0.000000     0    0.000000     0    0.000000     0    0.000000     0    0.000000     0    0.000000     0    0.000000     0    0.000000     0
   14364.0000    7861.0791   1    0.000000     0    0.000000     0    0.000000     0    0.000000     0    0.000000     0    0.000000     0    0.000000     0    0.000000     0    0.000000     0    0.000000     0
   14364.0000    7861.0791   2    0.000000     0    0.000000     0    0.000000     0    0.000000     0    0.000000     0    0.000000     0    0.000000     0    0.000000     0    0.000000     0    0.000000     0
   14364.0000    7861.0791   3    0.000000     0    0.000000     0    0.000000     0    0.000000     0    0.000000     0    0.000000     0    0.000000     0    0.000000     0    0.000000     0    0.000000     0
   14547.0000    7961.2307   1    0.000000     0    0.000000     0    0.000000     0    0.000000     0    0.000000     0    0.000000     0    0.000000     0    0.000000     0    0.000000     0    0.000000     0
   14547.0000    7961.2307   2    0.000000     0    0.000000     0    0.000000     0    0.000000     0    0.000000     0    0.000000     0    0.000000     0    0.000000     0    0.000000     0    0.000000     0
   14547.0000    7961.2307   3    0.000000     0    0.000000     0    0.000000     0    0.000000     0    0.000000     0    0.000000     0    0.000000     0    0.000000     0    0.000000     0    0.000000     0
   14617.9375    8000.0531   1    0.000000     0    0.000000     0    0.000000     0    0.000000     0    0.000000     0    0.000000     0    0.000000     0    0.000000     0    0.000000     0    0.000000     0
   14617.9375    8000.0531   2    0.000000     0    0.000000     0    0.000000     0    0.000000     0    0.000000     0    0.000000     0    0.000000     0    0.000000     0    0.000000     0    0.000000     0
   14617.9375    8000.0531   3    0.000000     0    0.000000     0    0.000000     0    0.000000     0    0.000000     0    0.000000     0    0.000000     0    0.000000     0    0.000000     0    0.000000     0
