       0.0000       0.0000 273985      0      0       0.0000       1.0000
     183.0000     100.1516 266046      0      0       0.0000       0.9786
     366.0000     200.3032 255345      0      0       0.0000       0.9488
     546.0000     298.8129 252962      0      0       0.0000       0.9420
     729.0000     398.9645 248611      0      0       0.0000       0.9298
     912.0000     499.1161 243919      0      0       0.0000       0.9166
    1092.0000     597.6259 239552      0      0       0.0000       0.9040
    1275.0000     697.7775 234646      0      0       0.0000       0.8899
    1455.0000     796.2872 233254      0      0       0.0000       0.8860
    1638.0000     896.4388 230525      0      0       0.0000       0.8782
    1821.0000     996.5904 227591      0      0       0.0000       0.8698
    2001.0000    1095.1002 224891      0      0       0.0000       0.8621
    2184.0000    1195.2518 221561      0      0       0.0000       0.8527
    2364.0000    1293.7616 220571      0      0       0.0000       0.8498
    2547.0000    1393.9131 218887      0      0       0.0000       0.8449
    2730.0000    1494.0647 216588      0      0       0.0000       0.8382
    2910.0000    1592.5745 214881      0      0       0.0000       0.8333
    3093.0000    1692.7261 212813      0      0       0.0000       0.8272
    3273.0000    1791.2359 210677      0      0       0.0000       0.8209
    3456.0000    1891.3874 209814      0      0       0.0000       0.8184
    3639.0000    1991.5390 208325      0      0       0.0000       0.8141
    3819.0000    2090.0488 206955      0      0       0.0000       0.8101
    4002.0000    2190.2004 205419      0      0       0.0000       0.8057
    4182.0000    2288.7102 203344      0      0       0.0000       0.7994
    4365.0000    2388.8617 202691      0      0       0.0000       0.7976
    4548.0000    2489.0133 201604      0      0       0.0000       0.7944
    4728.0000    2587.5231 200261      0      0       0.0000       0.7904
    4911.0000    2687.6747 198889      0      0       0.0000       0.7864
    5091.0000    2786.1845 197216      0      0       0.0000       0.7815
    5274.0000    2886.3360 196691      0      0       0.0000       0.7799
    5457.0000    2986.4876 195726      0      0       0.0000       0.7770
    5637.0000    3084.9974 194631      0      0       0.0000       0.7738
    5820.0000    3185.1490 193452      0      0       0.0000       0.7703
    6000.0000    3283.6588 192093      0      0       0.0000       0.7663
    6183.0000    3383.8104 191469      0      0       0.0000       0.7646
    6366.0000    3483.9619 190594      0      0       0.0000       0.7619
    6546.0000    3582.4717 189457      0      0       0.0000       0.7585
    6729.0000    3682.6233 188491      0      0       0.0000       0.7556
    6909.0000    3781.1331 187368      0      0       0.0000       0.7523
    7092.0000    3881.2847 186412      0      0       0.0000       0.7495
    7275.0000    3981.4362 185692      0      0       0.0000       0.7474
    7455.0000    4079.9460 184832      0      0       0.0000       0.7449
    7638.0000    4180.0976 184038      0      0       0.0000       0.7425
    7818.0000    4278.6074 183160      0      0       0.0000       0.7399
    8001.0000    4378.7590 181854      0      0       0.0000       0.7360
    8184.0000    4478.9105 181475      0      0       0.0000       0.7348
    8364.0000    4577.4203 180781      0      0       0.0000       0.7327
    8547.0000    4677.5719 179987      0      0       0.0000       0.7304
    8727.0000    4776.0817 179187      0      0       0.0000       0.7279
    8910.0000    4876.2333 177962      0      0       0.0000       0.7243
    9093.0000    4976.3848 177639      0      0       0.0000       0.7233
    9273.0000    5074.8946 177006      0      0       0.0000       0.7213
    9456.0000    5175.0462 176246      0      0       0.0000       0.7190
    9636.0000    5273.5560 175466      0      0       0.0000       0.7166
    9819.0000    5373.7076 174518      0      0       0.0000       0.7137
   10002.0000    5473.8592 174062      0      0       0.0000       0.7123
   10182.0000    5572.3689 173491      0      0       0.0000       0.7105
   10365.0000    5672.5205 172767      0      0       0.0000       0.7083
   10545.0000    5771.0303 172051      0      0       0.0000       0.7061
   10728.0000    5871.1819 171239      0      0       0.0000       0.7037
   10911.0000    5971.3335 170762      0      0       0.0000       0.7022
   11091.0000    6069.8432 170218      0      0       0.0000       0.7006
   11274.0000    6169.9948 169504      0      0       0.0000       0.6983
   11454.0000    6268.5046 168926      0      0       0.0000       0.6965
   11637.0000    6368.6562 168204      0      0       0.0000       0.6943
   11820.0000    6468.8078 167303      0      0       0.0000       0.6915
   12000.0000    6567.3175 166970      0      0       0.0000       0.6905
   12183.0000    6667.4691 166469      0      0       0.0000       0.6889
   12366.0000    6767.6207 165893      0      0       0.0000       0.6871
   12546.0000    6866.1305 165238      0      0       0.0000       0.6851
   12729.0000    6966.2821 164333      0      0       0.0000       0.6823
   12909.0000    7064.7918 164052      0      0       0.0000       0.6814
   13092.0000    7164.9434 163567      0      0       0.0000       0.6798
   13275.0000    7265.0950 162992      0      0       0.0000       0.6780
   13455.0000    7363.6048 162382      0      0       0.0000       0.6761
   13638.0000    7463.7564 161579      0      0       0.0000       0.6737
   13818.0000    7562.2661 161291      0      0       0.0000       0.6728
   14001.0000    7662.4177 160805      0      0       0.0000       0.6713
   14184.0000    7762.5693 160226      0      0       0.0000       0.6695
   14364.0000    7861.0791 159638      0      0       0.0000       0.6677
   14547.0000    7961.2307 159001      0      0       0.0000       0.6657
   14617.9375    8000.0531 158924      0      0       0.0000       0.6655
