3210.218382    72.645756    1.000000     1.000000
9600.361564    72.424970    0.982870     0.977795
9699.709375    66.558914    0.967286     0.957535
9799.057186    61.738557    0.955153     0.941695
9898.404997    80.004012    0.948901     0.933795
9997.752808    69.430366    0.941526     0.924190
10097.100619    62.967222    0.935102     0.915955
10197.462183    63.305416    0.928244     0.907350
10296.809994    73.114559    0.923792     0.901720
10396.157805    68.513890    0.919405     0.895985
10495.505616    64.857358    0.914839     0.890200
10594.853427    61.087657    0.909695     0.883715
10694.201238    65.698782    0.906018     0.879070
10793.549049    73.462655    0.903051     0.875370
10893.910613    65.328271    0.898873     0.870095
10993.258424    56.858718    0.894129     0.864105
11092.606235    64.857728    0.890931     0.860165
11191.954046    79.055871    0.888590     0.857365
11291.301857    61.297426    0.884558     0.852295
11390.649668    55.969376    0.880296     0.846995
11491.011232    65.489726    0.877575     0.843510
11590.359043    68.844876    0.875331     0.840685
11689.706854    61.659901    0.872221     0.836875
11789.054665    57.312567    0.868500     0.832245
11888.402476    61.668302    0.865921     0.829130
11987.750287    63.042310    0.863794     0.826430
12087.098098    65.683336    0.861156     0.823290
12187.459662    54.531126    0.857197     0.818420
12286.807473    59.633317    0.854639     0.815305
12386.155284    63.201477    0.852766     0.813005
12485.503095    65.586921    0.850494     0.810150
12584.850906    50.447835    0.846880     0.805785
12684.198717    62.214619    0.844733     0.803215
12783.546528    61.865409    0.842662     0.800755
12883.908092    58.510528    0.840157     0.797705
12983.255903    50.498021    0.836872     0.793755
13082.603714    64.676259    0.834730     0.791115
13181.951525    58.837588    0.832767     0.788860
13281.299336    54.948036    0.830752     0.786465
13380.647147    50.704939    0.827646     0.782750
13481.008711    57.228014    0.825431     0.780050
13500.027143    60.515417    0.825093     0.779610
