    9500.0000    3210.2184  0.442289E-01    0.706887E-01    0.909340E-01    0.108335E+00    0.125207E+00    0.141083E+00    0.155733E+00    0.170152E+00    0.184806E+00    0.198816E+00    0.350231E+00    0.527262E+00    0.735725E+00    0.993448E+00    0.132732E+01    0.178350E+01    0.249524E+01    0.392581E+01    0.104142E+02
   28410.3522    9600.3616  0.677133E-01    0.904974E-01    0.107793E+00    0.124307E+00    0.139553E+00    0.154744E+00    0.169554E+00    0.183590E+00    0.196917E+00    0.210340E+00    0.355761E+00    0.521611E+00    0.720954E+00    0.969546E+00    0.129193E+01    0.173004E+01    0.240843E+01    0.381195E+01    0.259430E+02
   28704.3522    9699.7094  0.662703E-01    0.888511E-01    0.106983E+00    0.122556E+00    0.137610E+00    0.152626E+00    0.166390E+00    0.180007E+00    0.194220E+00    0.207813E+00    0.348837E+00    0.510622E+00    0.707479E+00    0.949361E+00    0.125593E+01    0.167751E+01    0.231650E+01    0.355450E+01    0.229349E+02
   28998.3522    9799.0572  0.677839E-01    0.901063E-01    0.107811E+00    0.123653E+00    0.138078E+00    0.152122E+00    0.166149E+00    0.179462E+00    0.193037E+00    0.206161E+00    0.344746E+00    0.503327E+00    0.695215E+00    0.929842E+00    0.123157E+01    0.163885E+01    0.224419E+01    0.338063E+01    0.213911E+02
   29292.3522    9898.4050  0.682138E-01    0.898471E-01    0.107515E+00    0.122749E+00    0.137773E+00    0.151127E+00    0.164465E+00    0.177649E+00    0.191068E+00    0.204474E+00    0.341696E+00    0.499926E+00    0.691047E+00    0.924625E+00    0.122305E+01    0.162399E+01    0.221254E+01    0.332141E+01    0.242349E+02
   29586.3522    9997.7528  0.682793E-01    0.899882E-01    0.107945E+00    0.122714E+00    0.137406E+00    0.151138E+00    0.164908E+00    0.178280E+00    0.191156E+00    0.203886E+00    0.341085E+00    0.499477E+00    0.688579E+00    0.923797E+00    0.121793E+01    0.161083E+01    0.218890E+01    0.326241E+01    0.247454E+02
   29880.3522   10097.1006  0.684374E-01    0.896905E-01    0.107061E+00    0.122465E+00    0.137159E+00    0.150692E+00    0.163987E+00    0.177081E+00    0.189521E+00    0.202291E+00    0.336342E+00    0.491177E+00    0.679656E+00    0.908080E+00    0.120068E+01    0.159136E+01    0.216746E+01    0.320022E+01    0.220179E+02
   30177.3522   10197.4622  0.663683E-01    0.885867E-01    0.106416E+00    0.122212E+00    0.136500E+00    0.150577E+00    0.163125E+00    0.175703E+00    0.188484E+00    0.201536E+00    0.334841E+00    0.488368E+00    0.674072E+00    0.900818E+00    0.119067E+01    0.157368E+01    0.212930E+01    0.312399E+01    0.203908E+02
   30471.3522   10296.8100  0.679921E-01    0.893821E-01    0.106837E+00    0.122117E+00    0.136804E+00    0.150913E+00    0.163845E+00    0.176726E+00    0.189702E+00    0.202727E+00    0.333161E+00    0.486952E+00    0.671346E+00    0.895955E+00    0.118217E+01    0.156049E+01    0.210741E+01    0.309081E+01    0.233444E+02
   30765.3522   10396.1578  0.681619E-01    0.901213E-01    0.108261E+00    0.123521E+00    0.137734E+00    0.150984E+00    0.163484E+00    0.176355E+00    0.188995E+00    0.200717E+00    0.332731E+00    0.483757E+00    0.667005E+00    0.891701E+00    0.117515E+01    0.155539E+01    0.210722E+01    0.308051E+01    0.240257E+02
   31059.3522   10495.5056  0.677256E-01    0.898680E-01    0.107213E+00    0.122310E+00    0.135767E+00    0.149043E+00    0.162228E+00    0.174511E+00    0.187728E+00    0.199973E+00    0.330035E+00    0.480339E+00    0.661262E+00    0.888261E+00    0.116957E+01    0.154220E+01    0.208290E+01    0.304114E+01    0.216427E+02
   31353.3522   10594.8534  0.669603E-01    0.885170E-01    0.106332E+00    0.121699E+00    0.135910E+00    0.149304E+00    0.161977E+00    0.174265E+00    0.186971E+00    0.199597E+00    0.328293E+00    0.478778E+00    0.661589E+00    0.884062E+00    0.116425E+01    0.153279E+01    0.206244E+01    0.299461E+01    0.194497E+02
   31647.3522   10694.2012  0.677651E-01    0.895240E-01    0.106945E+00    0.121789E+00    0.136126E+00    0.149384E+00    0.160916E+00    0.173237E+00    0.185706E+00    0.197740E+00    0.325003E+00    0.475865E+00    0.657118E+00    0.878917E+00    0.116147E+01    0.153257E+01    0.206518E+01    0.299614E+01    0.221422E+02
   31941.3522   10793.5490  0.678879E-01    0.899970E-01    0.106534E+00    0.121042E+00    0.134996E+00    0.148282E+00    0.161415E+00    0.174090E+00    0.185792E+00    0.198046E+00    0.325522E+00    0.473087E+00    0.656933E+00    0.879375E+00    0.115764E+01    0.152559E+01    0.205120E+01    0.297613E+01    0.228726E+02
   32238.3522   10893.9106  0.674297E-01    0.895200E-01    0.106532E+00    0.121544E+00    0.135910E+00    0.148918E+00    0.161475E+00    0.174270E+00    0.186468E+00    0.199015E+00    0.325858E+00    0.472663E+00    0.652968E+00    0.873761E+00    0.115030E+01    0.151594E+01    0.203709E+01    0.294803E+01    0.211894E+02
   32532.3522   10993.2584  0.670890E-01    0.891300E-01    0.106140E+00    0.120789E+00    0.134871E+00    0.147553E+00    0.159842E+00    0.171743E+00    0.184410E+00    0.196875E+00    0.322307E+00    0.468385E+00    0.647534E+00    0.865119E+00    0.114213E+01    0.150796E+01    0.202084E+01    0.291233E+01    0.185909E+02
   32826.3522   11092.6062  0.691134E-01    0.897551E-01    0.106706E+00    0.120954E+00    0.134548E+00    0.148192E+00    0.160940E+00    0.172827E+00    0.184759E+00    0.196522E+00    0.321193E+00    0.467509E+00    0.643459E+00    0.864169E+00    0.113708E+01    0.149525E+01    0.201564E+01    0.290692E+01    0.211946E+02
   33120.3522   11191.9540  0.687220E-01    0.893127E-01    0.106738E+00    0.121643E+00    0.135311E+00    0.148068E+00    0.160048E+00    0.171991E+00    0.184830E+00    0.196227E+00    0.320232E+00    0.466033E+00    0.645267E+00    0.864367E+00    0.113712E+01    0.149953E+01    0.201201E+01    0.289362E+01    0.221475E+02
   33414.3522   11291.3019  0.676282E-01    0.884093E-01    0.105667E+00    0.120435E+00    0.133935E+00    0.146736E+00    0.158785E+00    0.170480E+00    0.182297E+00    0.194228E+00    0.319632E+00    0.464248E+00    0.641258E+00    0.858213E+00    0.113127E+01    0.148690E+01    0.200276E+01    0.288326E+01    0.201892E+02
   33708.3522   11390.6497  0.680562E-01    0.895636E-01    0.106034E+00    0.121085E+00    0.134991E+00    0.147769E+00    0.160695E+00    0.172550E+00    0.184909E+00    0.196705E+00    0.318511E+00    0.461652E+00    0.636909E+00    0.851170E+00    0.111816E+01    0.147475E+01    0.198339E+01    0.284506E+01    0.175092E+02
   34005.3522   11491.0112  0.674315E-01    0.894700E-01    0.106294E+00    0.120861E+00    0.134220E+00    0.146673E+00    0.159086E+00    0.171032E+00    0.182663E+00    0.194652E+00    0.317128E+00    0.460972E+00    0.638065E+00    0.851484E+00    0.112154E+01    0.147487E+01    0.197122E+01    0.282349E+01    0.202936E+02
   34299.3522   11590.3590  0.665932E-01    0.874025E-01    0.104087E+00    0.119263E+00    0.133536E+00    0.146676E+00    0.158648E+00    0.170114E+00    0.181960E+00    0.193502E+00    0.315549E+00    0.459881E+00    0.636018E+00    0.847897E+00    0.111472E+01    0.146709E+01    0.196428E+01    0.282730E+01    0.213236E+02
   34593.3522   11689.7069  0.676028E-01    0.902979E-01    0.106667E+00    0.120749E+00    0.134123E+00    0.146707E+00    0.158689E+00    0.170463E+00    0.182585E+00    0.194045E+00    0.314100E+00    0.456531E+00    0.629444E+00    0.845970E+00    0.111365E+01    0.146406E+01    0.196076E+01    0.280901E+01    0.195706E+02
   34887.3522   11789.0547  0.679105E-01    0.887299E-01    0.105340E+00    0.120002E+00    0.133532E+00    0.145879E+00    0.157874E+00    0.169264E+00    0.181160E+00    0.192712E+00    0.313142E+00    0.452922E+00    0.626111E+00    0.839552E+00    0.110305E+01    0.144714E+01    0.193469E+01    0.276927E+01    0.167657E+02
   35181.3522   11888.4025  0.679269E-01    0.882316E-01    0.105127E+00    0.119431E+00    0.132059E+00    0.145049E+00    0.157138E+00    0.168714E+00    0.180075E+00    0.191374E+00    0.311476E+00    0.452313E+00    0.622805E+00    0.836222E+00    0.109953E+01    0.145003E+01    0.195112E+01    0.278500E+01    0.189834E+02
   35475.3522   11987.7503  0.671374E-01    0.883506E-01    0.104532E+00    0.119634E+00    0.133389E+00    0.146076E+00    0.157704E+00    0.169392E+00    0.180912E+00    0.191921E+00    0.308652E+00    0.450101E+00    0.623516E+00    0.835967E+00    0.110148E+01    0.144375E+01    0.193586E+01    0.276776E+01    0.200152E+02
   35769.3522   12087.0981  0.674231E-01    0.886037E-01    0.105593E+00    0.119198E+00    0.132126E+00    0.144360E+00    0.156611E+00    0.168601E+00    0.180402E+00    0.191765E+00    0.310901E+00    0.451581E+00    0.625454E+00    0.836625E+00    0.109853E+01    0.144938E+01    0.193285E+01    0.276349E+01    0.184195E+02
   36066.3522   12187.4597  0.660992E-01    0.867636E-01    0.103251E+00    0.117605E+00    0.130940E+00    0.143695E+00    0.155332E+00    0.167131E+00    0.178758E+00    0.189749E+00    0.307739E+00    0.445310E+00    0.617162E+00    0.827551E+00    0.108877E+01    0.143093E+01    0.190842E+01    0.271194E+01    0.160975E+02
   36360.3522   12286.8075  0.673863E-01    0.880440E-01    0.104306E+00    0.119175E+00    0.132353E+00    0.144734E+00    0.155945E+00    0.167686E+00    0.178701E+00    0.190432E+00    0.307096E+00    0.446280E+00    0.618943E+00    0.828532E+00    0.108935E+01    0.142827E+01    0.190641E+01    0.272911E+01    0.181468E+02
   36654.3522   12386.1553  0.659152E-01    0.867492E-01    0.103160E+00    0.117025E+00    0.129567E+00    0.141648E+00    0.153576E+00    0.165473E+00    0.176815E+00    0.188469E+00    0.305823E+00    0.446265E+00    0.616922E+00    0.823552E+00    0.108393E+01    0.142811E+01    0.190998E+01    0.273168E+01    0.191572E+02
   36948.3522   12485.5031  0.658780E-01    0.875879E-01    0.103954E+00    0.117998E+00    0.130503E+00    0.143155E+00    0.154605E+00    0.165189E+00    0.176708E+00    0.187647E+00    0.305155E+00    0.443957E+00    0.613393E+00    0.822500E+00    0.108131E+01    0.142174E+01    0.190693E+01    0.271966E+01    0.178125E+02
   37242.3522   12584.8509  0.659541E-01    0.866669E-01    0.103046E+00    0.117386E+00    0.130315E+00    0.142237E+00    0.153949E+00    0.164994E+00    0.176166E+00    0.187407E+00    0.306588E+00    0.442037E+00    0.609165E+00    0.815159E+00    0.107253E+01    0.141162E+01    0.189016E+01    0.268284E+01    0.149861E+02
   37536.3522   12684.1987  0.679551E-01    0.873432E-01    0.103523E+00    0.117751E+00    0.130149E+00    0.142983E+00    0.155288E+00    0.166723E+00    0.178400E+00    0.189211E+00    0.305391E+00    0.441038E+00    0.607090E+00    0.813243E+00    0.107598E+01    0.141523E+01    0.188965E+01    0.269242E+01    0.167690E+02
   37830.3522   12783.5465  0.668105E-01    0.865828E-01    0.102397E+00    0.116612E+00    0.130211E+00    0.142136E+00    0.153903E+00    0.165298E+00    0.176379E+00    0.187477E+00    0.302084E+00    0.440974E+00    0.606870E+00    0.812135E+00    0.107188E+01    0.141082E+01    0.188937E+01    0.268865E+01    0.177156E+02
   38127.3522   12883.9081  0.665275E-01    0.863737E-01    0.103108E+00    0.117054E+00    0.130127E+00    0.142559E+00    0.153925E+00    0.164769E+00    0.175702E+00    0.186511E+00    0.302951E+00    0.438948E+00    0.604317E+00    0.807316E+00    0.106514E+01    0.140842E+01    0.188468E+01    0.268039E+01    0.170413E+02
   38421.3522   12983.2559  0.668564E-01    0.871888E-01    0.103815E+00    0.117324E+00    0.129336E+00    0.141200E+00    0.152556E+00    0.163537E+00    0.174351E+00    0.185334E+00    0.300226E+00    0.437215E+00    0.602364E+00    0.807836E+00    0.106049E+01    0.139108E+01    0.185516E+01    0.262862E+01    0.144384E+02
   38715.3522   13082.6037  0.658241E-01    0.861217E-01    0.102832E+00    0.116267E+00    0.128426E+00    0.140687E+00    0.152139E+00    0.163257E+00    0.173949E+00    0.184902E+00    0.299248E+00    0.436126E+00    0.601829E+00    0.805456E+00    0.106334E+01    0.140621E+01    0.186934E+01    0.265588E+01    0.159907E+02
   39009.3522   13181.9515  0.647809E-01    0.852424E-01    0.100789E+00    0.114194E+00    0.126836E+00    0.139101E+00    0.150912E+00    0.162630E+00    0.173390E+00    0.184524E+00    0.300221E+00    0.436514E+00    0.600200E+00    0.802487E+00    0.106142E+01    0.139777E+01    0.186824E+01    0.267175E+01    0.169192E+02
   39303.3522   13281.2993  0.641514E-01    0.851663E-01    0.100574E+00    0.115318E+00    0.129264E+00    0.140929E+00    0.152427E+00    0.163769E+00    0.174711E+00    0.185217E+00    0.298497E+00    0.432825E+00    0.596149E+00    0.800509E+00    0.106018E+01    0.139948E+01    0.187386E+01    0.267249E+01    0.157657E+02
   39597.3522   13380.6471  0.650281E-01    0.859401E-01    0.101879E+00    0.115820E+00    0.128874E+00    0.141282E+00    0.152335E+00    0.163519E+00    0.175123E+00    0.186391E+00    0.299581E+00    0.432537E+00    0.595476E+00    0.798524E+00    0.105165E+01    0.138107E+01    0.183634E+01    0.260461E+01    0.133216E+02
   39894.3522   13481.0087  0.665625E-01    0.866643E-01    0.102352E+00    0.115580E+00    0.128129E+00    0.138889E+00    0.150257E+00    0.161232E+00    0.171904E+00    0.182509E+00    0.297215E+00    0.429922E+00    0.594561E+00    0.799581E+00    0.105296E+01    0.138470E+01    0.184810E+01    0.263663E+01    0.150901E+02
   39950.6334   13500.0271  0.659023E-01    0.850637E-01    0.100437E+00    0.113896E+00    0.126534E+00    0.138493E+00    0.150311E+00    0.161628E+00    0.172388E+00    0.183550E+00    0.296944E+00    0.432382E+00    0.595918E+00    0.795337E+00    0.105107E+01    0.138590E+01    0.185396E+01    0.262772E+01    0.203337E+02
