       0.0000       0.0000  0.425426E-01    0.680315E-01    0.886144E-01    0.104900E+00    0.120346E+00    0.135550E+00    0.149696E+00    0.164102E+00    0.179064E+00    0.194159E+00    0.346990E+00    0.524329E+00    0.738571E+00    0.999890E+00    0.133710E+01    0.179794E+01    0.250292E+01    0.388015E+01    0.943791E+01
     297.0000     100.0022  0.207952E-01    0.289578E-01    0.356398E-01    0.421640E-01    0.487991E-01    0.555783E-01    0.620494E-01    0.690278E-01    0.760445E-01    0.834718E-01    0.169860E+00    0.283587E+00    0.434955E+00    0.637865E+00    0.924481E+00    0.132836E+01    0.195940E+01    0.321901E+01    0.151932E+02
     594.0000     200.0044  0.214351E-01    0.293499E-01    0.361964E-01    0.425426E-01    0.488247E-01    0.551771E-01    0.618487E-01    0.685121E-01    0.755566E-01    0.826242E-01    0.168455E+00    0.282476E+00    0.436832E+00    0.642967E+00    0.931347E+00    0.134051E+01    0.195621E+01    0.314043E+01    0.904970E+01
     888.0000     298.9964  0.215449E-01    0.294989E-01    0.366591E-01    0.429329E-01    0.497762E-01    0.565344E-01    0.631346E-01    0.701792E-01    0.772604E-01    0.844495E-01    0.170421E+00    0.288383E+00    0.448712E+00    0.664115E+00    0.965914E+00    0.139091E+01    0.204933E+01    0.332267E+01    0.184411E+02
    1185.0000     398.9986  0.219839E-01    0.298965E-01    0.368863E-01    0.435885E-01    0.499851E-01    0.569499E-01    0.635654E-01    0.701137E-01    0.773906E-01    0.843931E-01    0.171202E+00    0.289658E+00    0.453103E+00    0.675473E+00    0.977250E+00    0.141500E+01    0.208512E+01    0.334425E+01    0.265862E+02
    1479.0000     497.9907  0.222808E-01    0.305624E-01    0.377639E-01    0.445389E-01    0.513200E-01    0.578181E-01    0.645841E-01    0.714038E-01    0.785300E-01    0.854465E-01    0.172472E+00    0.290422E+00    0.451964E+00    0.675385E+00    0.981201E+00    0.141739E+01    0.208300E+01    0.333305E+01    0.252813E+02
    1776.0000     597.9928  0.225990E-01    0.310152E-01    0.379510E-01    0.444633E-01    0.510840E-01    0.577596E-01    0.644723E-01    0.712689E-01    0.782082E-01    0.855680E-01    0.171839E+00    0.290033E+00    0.453400E+00    0.675731E+00    0.988129E+00    0.142306E+01    0.207967E+01    0.329421E+01    0.158956E+02
    2070.0000     696.9849  0.230689E-01    0.315787E-01    0.386544E-01    0.454110E-01    0.519068E-01    0.584467E-01    0.651547E-01    0.720892E-01    0.786547E-01    0.858645E-01    0.170496E+00    0.287093E+00    0.446679E+00    0.668527E+00    0.973780E+00    0.140497E+01    0.206573E+01    0.324916E+01    0.819653E+01
    2367.0000     796.9871  0.232584E-01    0.316887E-01    0.389789E-01    0.456496E-01    0.524162E-01    0.591546E-01    0.658489E-01    0.724882E-01    0.793148E-01    0.861751E-01    0.170947E+00    0.288444E+00    0.450795E+00    0.673944E+00    0.984445E+00    0.142210E+01    0.209136E+01    0.331040E+01    0.163862E+02
    2661.0000     895.9791  0.243251E-01    0.327284E-01    0.398165E-01    0.465643E-01    0.533657E-01    0.597926E-01    0.665163E-01    0.729665E-01    0.799086E-01    0.867613E-01    0.170942E+00    0.286325E+00    0.447236E+00    0.672003E+00    0.980341E+00    0.141835E+01    0.209128E+01    0.328319E+01    0.241913E+02
    2958.0000     995.9813  0.245997E-01    0.330927E-01    0.404002E-01    0.472519E-01    0.541917E-01    0.603081E-01    0.666748E-01    0.732078E-01    0.796883E-01    0.864213E-01    0.168377E+00    0.281547E+00    0.441605E+00    0.664514E+00    0.967360E+00    0.140599E+01    0.206672E+01    0.323213E+01    0.235404E+02
    3252.0000    1094.9734  0.248925E-01    0.336068E-01    0.405573E-01    0.471612E-01    0.536725E-01    0.600819E-01    0.666289E-01    0.731973E-01    0.798442E-01    0.866020E-01    0.167704E+00    0.279713E+00    0.436790E+00    0.653767E+00    0.958239E+00    0.139018E+01    0.203994E+01    0.316207E+01    0.161149E+02
    3549.0000    1194.9755  0.248946E-01    0.338624E-01    0.410714E-01    0.478191E-01    0.543535E-01    0.608608E-01    0.671217E-01    0.735217E-01    0.801234E-01    0.870833E-01    0.165401E+00    0.276774E+00    0.429324E+00    0.643465E+00    0.941075E+00    0.136325E+01    0.198441E+01    0.304371E+01    0.769845E+01
    3843.0000    1293.9676  0.253571E-01    0.337882E-01    0.411798E-01    0.476584E-01    0.540519E-01    0.606634E-01    0.672536E-01    0.737545E-01    0.805459E-01    0.873861E-01    0.166592E+00    0.276244E+00    0.431855E+00    0.648531E+00    0.954559E+00    0.138707E+01    0.203153E+01    0.316643E+01    0.121874E+02
    4140.0000    1393.9698  0.255729E-01    0.346426E-01    0.421117E-01    0.486967E-01    0.551256E-01    0.615073E-01    0.681121E-01    0.747182E-01    0.811937E-01    0.882266E-01    0.165142E+00    0.273593E+00    0.424873E+00    0.640527E+00    0.936957E+00    0.136654E+01    0.200106E+01    0.310847E+01    0.206487E+02
    4434.0000    1492.9618  0.266844E-01    0.353259E-01    0.427725E-01    0.493848E-01    0.559248E-01    0.621706E-01    0.683083E-01    0.747028E-01    0.810117E-01    0.875360E-01    0.164723E+00    0.272347E+00    0.419830E+00    0.629236E+00    0.925447E+00    0.134471E+01    0.198028E+01    0.304934E+01    0.214110E+02
    4731.0000    1592.9640  0.266649E-01    0.357734E-01    0.429914E-01    0.496036E-01    0.557858E-01    0.619540E-01    0.684941E-01    0.747036E-01    0.811755E-01    0.877523E-01    0.163855E+00    0.268346E+00    0.412247E+00    0.619806E+00    0.917741E+00    0.132890E+01    0.195520E+01    0.302567E+01    0.192071E+02
    5025.0000    1691.9561  0.269443E-01    0.358148E-01    0.429781E-01    0.499354E-01    0.567130E-01    0.630257E-01    0.692304E-01    0.756813E-01    0.817316E-01    0.878864E-01    0.161415E+00    0.264284E+00    0.407263E+00    0.613762E+00    0.900375E+00    0.131075E+01    0.193561E+01    0.297128E+01    0.106952E+02
    5322.0000    1791.9582  0.271299E-01    0.358802E-01    0.434743E-01    0.502002E-01    0.566520E-01    0.627489E-01    0.687278E-01    0.750091E-01    0.810627E-01    0.876576E-01    0.161221E+00    0.262181E+00    0.405414E+00    0.608585E+00    0.890614E+00    0.129280E+01    0.190289E+01    0.290511E+01    0.894676E+01
    5616.0000    1890.9503  0.272815E-01    0.362879E-01    0.437742E-01    0.504534E-01    0.570206E-01    0.629272E-01    0.692319E-01    0.754735E-01    0.815577E-01    0.878818E-01    0.161690E+00    0.261055E+00    0.401446E+00    0.603127E+00    0.883125E+00    0.128673E+01    0.189151E+01    0.292003E+01    0.171244E+02
    5913.0000    1990.9525  0.273563E-01    0.367290E-01    0.439069E-01    0.509946E-01    0.573143E-01    0.635937E-01    0.697388E-01    0.756956E-01    0.817304E-01    0.882610E-01    0.160440E+00    0.258843E+00    0.396970E+00    0.596065E+00    0.876014E+00    0.127881E+01    0.187840E+01    0.289967E+01    0.237485E+02
    6207.0000    2089.9445  0.273239E-01    0.367714E-01    0.438461E-01    0.506967E-01    0.571612E-01    0.637817E-01    0.699743E-01    0.758829E-01    0.822440E-01    0.885610E-01    0.159884E+00    0.257177E+00    0.393714E+00    0.589286E+00    0.867926E+00    0.126313E+01    0.185648E+01    0.287762E+01    0.229407E+02
    6504.0000    2189.9467  0.278441E-01    0.370718E-01    0.446800E-01    0.514907E-01    0.577230E-01    0.638894E-01    0.700573E-01    0.759550E-01    0.820302E-01    0.880623E-01    0.159184E+00    0.253844E+00    0.389183E+00    0.579910E+00    0.853325E+00    0.125007E+01    0.184720E+01    0.285217E+01    0.135228E+02
    6798.0000    2288.9388  0.283270E-01    0.375511E-01    0.447768E-01    0.515937E-01    0.579410E-01    0.643385E-01    0.705028E-01    0.762781E-01    0.821193E-01    0.880270E-01    0.157664E+00    0.251272E+00    0.383086E+00    0.574662E+00    0.846371E+00    0.123378E+01    0.181832E+01    0.279168E+01    0.829245E+01
    7095.0000    2388.9409  0.278937E-01    0.374542E-01    0.452826E-01    0.517392E-01    0.579233E-01    0.641392E-01    0.700305E-01    0.758981E-01    0.817083E-01    0.877500E-01    0.156569E+00    0.250691E+00    0.380808E+00    0.568605E+00    0.837784E+00    0.122776E+01    0.181588E+01    0.280873E+01    0.172732E+02
    7389.0000    2487.9330  0.281803E-01    0.381417E-01    0.455935E-01    0.522345E-01    0.587112E-01    0.648494E-01    0.707738E-01    0.766567E-01    0.829031E-01    0.890596E-01    0.158815E+00    0.251961E+00    0.383066E+00    0.568584E+00    0.836979E+00    0.121733E+01    0.180258E+01    0.280271E+01    0.248982E+02
    7686.0000    2587.9352  0.285836E-01    0.377852E-01    0.453483E-01    0.520108E-01    0.582624E-01    0.645720E-01    0.706498E-01    0.769200E-01    0.828836E-01    0.887824E-01    0.156950E+00    0.249029E+00    0.378074E+00    0.560408E+00    0.823365E+00    0.120554E+01    0.178462E+01    0.276875E+01    0.241046E+02
    7980.0000    2686.9272  0.284193E-01    0.381202E-01    0.454858E-01    0.523193E-01    0.584356E-01    0.644010E-01    0.702526E-01    0.762021E-01    0.820006E-01    0.880021E-01    0.155979E+00    0.245631E+00    0.374045E+00    0.554966E+00    0.812293E+00    0.119342E+01    0.177064E+01    0.274460E+01    0.156039E+02
    8277.0000    2786.9294  0.287749E-01    0.378454E-01    0.454166E-01    0.522226E-01    0.585120E-01    0.646888E-01    0.703609E-01    0.762457E-01    0.821710E-01    0.883742E-01    0.154774E+00    0.243393E+00    0.366665E+00    0.543074E+00    0.795818E+00    0.117386E+01    0.173652E+01    0.269366E+01    0.814522E+01
    8571.0000    2885.9215  0.293784E-01    0.387869E-01    0.460198E-01    0.529355E-01    0.590689E-01    0.652199E-01    0.710204E-01    0.769222E-01    0.828283E-01    0.888886E-01    0.154935E+00    0.243786E+00    0.368719E+00    0.545164E+00    0.800435E+00    0.117826E+01    0.174050E+01    0.270397E+01    0.156429E+02
    8868.0000    2985.9237  0.296928E-01    0.388503E-01    0.461736E-01    0.530877E-01    0.594184E-01    0.654041E-01    0.712926E-01    0.772750E-01    0.830131E-01    0.887700E-01    0.153841E+00    0.242410E+00    0.366303E+00    0.541787E+00    0.789450E+00    0.116211E+01    0.173407E+01    0.269681E+01    0.240498E+02
    9162.0000    3084.9157  0.300677E-01    0.394052E-01    0.465411E-01    0.537237E-01    0.594898E-01    0.655005E-01    0.714047E-01    0.771105E-01    0.828984E-01    0.886403E-01    0.152340E+00    0.240184E+00    0.362363E+00    0.534178E+00    0.783533E+00    0.115010E+01    0.171801E+01    0.267382E+01    0.233280E+02
    9459.0000    3184.9179  0.301850E-01    0.393170E-01    0.466935E-01    0.537207E-01    0.597268E-01    0.657050E-01    0.713127E-01    0.768625E-01    0.825529E-01    0.884950E-01    0.153232E+00    0.241255E+00    0.362409E+00    0.532394E+00    0.780465E+00    0.114767E+01    0.170786E+01    0.266460E+01    0.157867E+02
    9753.0000    3283.9099  0.294532E-01    0.392322E-01    0.467099E-01    0.537347E-01    0.595003E-01    0.654654E-01    0.711751E-01    0.770486E-01    0.827939E-01    0.884328E-01    0.152049E+00    0.236988E+00    0.356092E+00    0.526522E+00    0.771648E+00    0.113398E+01    0.167988E+01    0.260602E+01    0.769788E+01
   10050.0000    3383.9121  0.300638E-01    0.395621E-01    0.475100E-01    0.541847E-01    0.604401E-01    0.665739E-01    0.722531E-01    0.778975E-01    0.835781E-01    0.895294E-01    0.152968E+00    0.238172E+00    0.358258E+00    0.527160E+00    0.770825E+00    0.112631E+01    0.168836E+01    0.264125E+01    0.130417E+02
   10344.0000    3482.9042  0.301608E-01    0.389839E-01    0.470322E-01    0.537722E-01    0.600164E-01    0.657209E-01    0.715782E-01    0.772573E-01    0.836229E-01    0.894703E-01    0.152260E+00    0.236646E+00    0.352820E+00    0.519765E+00    0.761534E+00    0.111542E+01    0.166495E+01    0.261175E+01    0.208879E+02
   10641.0000    3582.9064  0.305154E-01    0.400424E-01    0.474489E-01    0.543982E-01    0.604380E-01    0.664596E-01    0.720760E-01    0.778428E-01    0.835281E-01    0.890506E-01    0.151215E+00    0.236765E+00    0.351412E+00    0.515779E+00    0.755572E+00    0.110766E+01    0.165276E+01    0.258575E+01    0.213643E+02
   10935.0000    3681.8984  0.309893E-01    0.400067E-01    0.481914E-01    0.547725E-01    0.609831E-01    0.671467E-01    0.727243E-01    0.784179E-01    0.836481E-01    0.892985E-01    0.151787E+00    0.235825E+00    0.351557E+00    0.514673E+00    0.747500E+00    0.109475E+01    0.164007E+01    0.256001E+01    0.175097E+02
   11232.0000    3781.9006  0.300356E-01    0.400412E-01    0.474809E-01    0.537598E-01    0.597511E-01    0.658488E-01    0.716883E-01    0.774760E-01    0.830993E-01    0.886004E-01    0.150874E+00    0.233262E+00    0.347689E+00    0.507516E+00    0.738641E+00    0.108061E+01    0.161341E+01    0.251473E+01    0.904660E+01
   11526.0000    3880.8927  0.309246E-01    0.398145E-01    0.474063E-01    0.539919E-01    0.601009E-01    0.659257E-01    0.715755E-01    0.771216E-01    0.826874E-01    0.881912E-01    0.150200E+00    0.232467E+00    0.345569E+00    0.503633E+00    0.729977E+00    0.107082E+01    0.160034E+01    0.247905E+01    0.899154E+01
   11823.0000    3980.8948  0.311623E-01    0.409406E-01    0.482448E-01    0.547180E-01    0.603617E-01    0.661808E-01    0.719449E-01    0.777254E-01    0.832805E-01    0.889354E-01    0.150472E+00    0.231340E+00    0.343497E+00    0.504012E+00    0.731117E+00    0.106862E+01    0.159818E+01    0.250175E+01    0.171532E+02
   12117.0000    4079.8869  0.307145E-01    0.404379E-01    0.481817E-01    0.547851E-01    0.609209E-01    0.667269E-01    0.725269E-01    0.780027E-01    0.835897E-01    0.891341E-01    0.149065E+00    0.231429E+00    0.342133E+00    0.499188E+00    0.724051E+00    0.106340E+01    0.159284E+01    0.251747E+01    0.218385E+02
   12414.0000    4179.8891  0.308440E-01    0.404087E-01    0.480031E-01    0.546681E-01    0.606209E-01    0.664284E-01    0.720863E-01    0.776459E-01    0.831049E-01    0.887919E-01    0.149025E+00    0.229843E+00    0.340507E+00    0.497406E+00    0.722027E+00    0.105943E+01    0.159200E+01    0.248835E+01    0.209616E+02
   12708.0000    4278.8811  0.311862E-01    0.414670E-01    0.487470E-01    0.553429E-01    0.611965E-01    0.670934E-01    0.726127E-01    0.781344E-01    0.837275E-01    0.891682E-01    0.149802E+00    0.229433E+00    0.338427E+00    0.494287E+00    0.718999E+00    0.105230E+01    0.157079E+01    0.247961E+01    0.128352E+02
   13005.0000    4378.8833  0.311048E-01    0.407566E-01    0.483713E-01    0.552059E-01    0.615659E-01    0.677081E-01    0.733122E-01    0.787484E-01    0.841354E-01    0.895546E-01    0.149587E+00    0.227199E+00    0.333509E+00    0.487585E+00    0.703610E+00    0.103403E+01    0.154681E+01    0.244001E+01    0.784504E+01
   13299.0000    4477.8754  0.312571E-01    0.414235E-01    0.490362E-01    0.552953E-01    0.612722E-01    0.672362E-01    0.726500E-01    0.780249E-01    0.834304E-01    0.888887E-01    0.148155E+00    0.226729E+00    0.335833E+00    0.485796E+00    0.703239E+00    0.103470E+01    0.154497E+01    0.245726E+01    0.160075E+02
   13596.0000    4577.8775  0.310100E-01    0.407962E-01    0.480745E-01    0.550028E-01    0.610969E-01    0.670271E-01    0.727960E-01    0.781676E-01    0.834268E-01    0.889980E-01    0.146765E+00    0.225315E+00    0.332391E+00    0.481727E+00    0.699821E+00    0.102607E+01    0.154248E+01    0.245068E+01    0.234626E+02
   13890.0000    4676.8696  0.307418E-01    0.406342E-01    0.481296E-01    0.548246E-01    0.612276E-01    0.670216E-01    0.729477E-01    0.784381E-01    0.837647E-01    0.892043E-01    0.147106E+00    0.225321E+00    0.331928E+00    0.481663E+00    0.701107E+00    0.102246E+01    0.153385E+01    0.243854E+01    0.235026E+02
   14187.0000    4776.8718  0.312180E-01    0.408934E-01    0.487627E-01    0.551380E-01    0.616921E-01    0.675731E-01    0.728355E-01    0.781910E-01    0.834206E-01    0.887717E-01    0.147397E+00    0.223689E+00    0.330870E+00    0.476365E+00    0.691915E+00    0.101202E+01    0.151970E+01    0.241028E+01    0.150449E+02
   14481.0000    4875.8638  0.310410E-01    0.409422E-01    0.485402E-01    0.550595E-01    0.611268E-01    0.663977E-01    0.719338E-01    0.775358E-01    0.831716E-01    0.888214E-01    0.146299E+00    0.221846E+00    0.326676E+00    0.473997E+00    0.684857E+00    0.100408E+01    0.151105E+01    0.238172E+01    0.794992E+01
   14778.0000    4975.8660  0.314934E-01    0.410783E-01    0.487976E-01    0.556008E-01    0.616550E-01    0.671200E-01    0.727390E-01    0.780812E-01    0.832437E-01    0.888129E-01    0.147057E+00    0.222490E+00    0.324474E+00    0.473709E+00    0.684083E+00    0.997502E+00    0.150649E+01    0.238129E+01    0.155678E+02
   15072.0000    5074.8581  0.310500E-01    0.411561E-01    0.487437E-01    0.552962E-01    0.610935E-01    0.670371E-01    0.724783E-01    0.776922E-01    0.834590E-01    0.890234E-01    0.146676E+00    0.221816E+00    0.324692E+00    0.468373E+00    0.680344E+00    0.996237E+00    0.150569E+01    0.239105E+01    0.235317E+02
   15369.0000    5174.8602  0.315050E-01    0.413329E-01    0.490080E-01    0.557822E-01    0.621524E-01    0.678616E-01    0.732355E-01    0.785529E-01    0.836535E-01    0.887059E-01    0.145256E+00    0.220429E+00    0.322996E+00    0.465751E+00    0.674477E+00    0.987929E+00    0.148990E+01    0.237456E+01    0.236583E+02
   15663.0000    5273.8523  0.309203E-01    0.409469E-01    0.484476E-01    0.548724E-01    0.607288E-01    0.665043E-01    0.720036E-01    0.775674E-01    0.826540E-01    0.879227E-01    0.145604E+00    0.218724E+00    0.320582E+00    0.465665E+00    0.670951E+00    0.984377E+00    0.148324E+01    0.234806E+01    0.161045E+02
   15960.0000    5373.8545  0.307991E-01    0.409434E-01    0.481355E-01    0.550431E-01    0.607255E-01    0.664542E-01    0.720156E-01    0.771837E-01    0.824626E-01    0.876781E-01    0.145401E+00    0.218855E+00    0.320240E+00    0.461593E+00    0.664854E+00    0.974788E+00    0.147499E+01    0.234266E+01    0.773373E+01
   16254.0000    5472.8465  0.315575E-01    0.412914E-01    0.488180E-01    0.554603E-01    0.613523E-01    0.668241E-01    0.723245E-01    0.776918E-01    0.830898E-01    0.880336E-01    0.144861E+00    0.217546E+00    0.318377E+00    0.460569E+00    0.664194E+00    0.972002E+00    0.147063E+01    0.233839E+01    0.130041E+02
   16551.0000    5572.8487  0.316914E-01    0.409864E-01    0.486933E-01    0.554742E-01    0.612486E-01    0.669665E-01    0.727808E-01    0.782366E-01    0.833759E-01    0.886259E-01    0.144008E+00    0.216131E+00    0.317598E+00    0.460017E+00    0.663163E+00    0.972608E+00    0.147269E+01    0.233733E+01    0.217092E+02
   16845.0000    5671.8408  0.313686E-01    0.410733E-01    0.484732E-01    0.548121E-01    0.610827E-01    0.665453E-01    0.719433E-01    0.774132E-01    0.827271E-01    0.879573E-01    0.143632E+00    0.215728E+00    0.314790E+00    0.455942E+00    0.657514E+00    0.963926E+00    0.145359E+01    0.232962E+01    0.220272E+02
   17142.0000    5771.8430  0.317274E-01    0.418391E-01    0.494448E-01    0.558246E-01    0.620150E-01    0.673299E-01    0.728860E-01    0.784723E-01    0.837199E-01    0.886927E-01    0.143905E+00    0.215568E+00    0.313605E+00    0.451360E+00    0.649315E+00    0.950757E+00    0.143418E+01    0.228731E+01    0.158490E+02
   17436.0000    5870.8350  0.319100E-01    0.412427E-01    0.485915E-01    0.553422E-01    0.613637E-01    0.670900E-01    0.726242E-01    0.778008E-01    0.829029E-01    0.882477E-01    0.142957E+00    0.213920E+00    0.312650E+00    0.450463E+00    0.646228E+00    0.942301E+00    0.142406E+01    0.226759E+01    0.839291E+01
   17733.0000    5970.8372  0.324463E-01    0.419201E-01    0.496841E-01    0.561083E-01    0.618776E-01    0.672672E-01    0.729506E-01    0.782401E-01    0.831992E-01    0.883264E-01    0.143437E+00    0.214351E+00    0.312311E+00    0.450719E+00    0.647106E+00    0.948242E+00    0.143122E+01    0.230259E+01    0.100458E+02
   18027.0000    6069.8292  0.317858E-01    0.416334E-01    0.491506E-01    0.560461E-01    0.619932E-01    0.676600E-01    0.730117E-01    0.782179E-01    0.833365E-01    0.886351E-01    0.142953E+00    0.213475E+00    0.310201E+00    0.446120E+00    0.645284E+00    0.946155E+00    0.141786E+01    0.226978E+01    0.178794E+02
   18324.0000    6169.8314  0.316392E-01    0.415449E-01    0.487700E-01    0.549887E-01    0.606555E-01    0.663918E-01    0.720072E-01    0.773943E-01    0.826379E-01    0.877211E-01    0.142523E+00    0.212784E+00    0.310663E+00    0.445476E+00    0.640440E+00    0.938407E+00    0.141025E+01    0.225100E+01    0.198439E+02
   18618.0000    6268.8235  0.327405E-01    0.425917E-01    0.497524E-01    0.558423E-01    0.613969E-01    0.670376E-01    0.724116E-01    0.777766E-01    0.828544E-01    0.880440E-01    0.141796E+00    0.211632E+00    0.308068E+00    0.442643E+00    0.636175E+00    0.930595E+00    0.140533E+01    0.224968E+01    0.194598E+02
   18915.0000    6368.8257  0.323315E-01    0.420782E-01    0.498147E-01    0.560563E-01    0.615656E-01    0.670119E-01    0.723359E-01    0.776116E-01    0.825456E-01    0.875885E-01    0.142272E+00    0.211509E+00    0.307027E+00    0.441558E+00    0.632877E+00    0.926917E+00    0.139715E+01    0.224410E+01    0.113425E+02
   19209.0000    6467.8177  0.319152E-01    0.411272E-01    0.482172E-01    0.549653E-01    0.605546E-01    0.658330E-01    0.711871E-01    0.765237E-01    0.816585E-01    0.869148E-01    0.141455E+00    0.210139E+00    0.304768E+00    0.436865E+00    0.627701E+00    0.915014E+00    0.138304E+01    0.221334E+01    0.734750E+01
   19506.0000    6567.8199  0.320087E-01    0.416058E-01    0.491699E-01    0.554877E-01    0.614183E-01    0.669672E-01    0.723903E-01    0.774635E-01    0.826447E-01    0.881038E-01    0.141701E+00    0.210158E+00    0.305564E+00    0.436067E+00    0.623933E+00    0.912118E+00    0.137955E+01    0.222014E+01    0.152400E+02
   19800.0000    6666.8120  0.326782E-01    0.421406E-01    0.494892E-01    0.559194E-01    0.613709E-01    0.670521E-01    0.725309E-01    0.777369E-01    0.831559E-01    0.880718E-01    0.142078E+00    0.211036E+00    0.306236E+00    0.435496E+00    0.627566E+00    0.917859E+00    0.138520E+01    0.221964E+01    0.221080E+02
   20097.0000    6766.8141  0.322737E-01    0.420528E-01    0.492203E-01    0.557065E-01    0.612202E-01    0.666808E-01    0.720816E-01    0.771354E-01    0.821849E-01    0.874837E-01    0.141043E+00    0.209224E+00    0.303402E+00    0.432784E+00    0.620282E+00    0.904179E+00    0.137243E+01    0.220867E+01    0.220788E+02
   20391.0000    6865.8062  0.319561E-01    0.417335E-01    0.493357E-01    0.556141E-01    0.614862E-01    0.669583E-01    0.724116E-01    0.774507E-01    0.824072E-01    0.877958E-01    0.140791E+00    0.208646E+00    0.302120E+00    0.432376E+00    0.620065E+00    0.901582E+00    0.136074E+01    0.218647E+01    0.144569E+02
   20688.0000    6965.8084  0.316754E-01    0.414756E-01    0.487995E-01    0.558132E-01    0.618714E-01    0.673511E-01    0.724491E-01    0.775654E-01    0.827134E-01    0.876785E-01    0.140246E+00    0.207217E+00    0.300178E+00    0.430177E+00    0.613368E+00    0.894214E+00    0.135165E+01    0.217012E+01    0.759553E+01
   20982.0000    7064.8004  0.325893E-01    0.418445E-01    0.490583E-01    0.553862E-01    0.612817E-01    0.669673E-01    0.721568E-01    0.774281E-01    0.823670E-01    0.873554E-01    0.140564E+00    0.208105E+00    0.300475E+00    0.428445E+00    0.614164E+00    0.895832E+00    0.135453E+01    0.217640E+01    0.148156E+02
   21279.0000    7164.8026  0.327746E-01    0.415171E-01    0.489693E-01    0.554900E-01    0.609988E-01    0.665694E-01    0.720348E-01    0.771263E-01    0.820310E-01    0.870847E-01    0.140309E+00    0.207921E+00    0.300699E+00    0.430433E+00    0.615710E+00    0.894303E+00    0.135000E+01    0.216968E+01    0.230988E+02
   21573.0000    7263.7947  0.318563E-01    0.419202E-01    0.491872E-01    0.555035E-01    0.613114E-01    0.665915E-01    0.718639E-01    0.772186E-01    0.822326E-01    0.869558E-01    0.138749E+00    0.205644E+00    0.299427E+00    0.427202E+00    0.610917E+00    0.888267E+00    0.133411E+01    0.217116E+01    0.235316E+02
   21870.0000    7363.7968  0.316748E-01    0.413584E-01    0.488233E-01    0.552107E-01    0.609303E-01    0.662461E-01    0.714528E-01    0.765103E-01    0.814391E-01    0.864132E-01    0.139150E+00    0.205231E+00    0.298963E+00    0.426748E+00    0.607496E+00    0.882306E+00    0.133164E+01    0.216433E+01    0.160308E+02
   22164.0000    7462.7889  0.326420E-01    0.421557E-01    0.490355E-01    0.551040E-01    0.607144E-01    0.660519E-01    0.712090E-01    0.766010E-01    0.817156E-01    0.866367E-01    0.139229E+00    0.206446E+00    0.297744E+00    0.424496E+00    0.603500E+00    0.876753E+00    0.132178E+01    0.212882E+01    0.789771E+01
   22461.0000    7562.7911  0.314146E-01    0.406725E-01    0.484810E-01    0.546340E-01    0.607871E-01    0.659354E-01    0.709639E-01    0.758669E-01    0.813229E-01    0.862212E-01    0.138581E+00    0.204710E+00    0.297166E+00    0.422833E+00    0.603283E+00    0.872161E+00    0.132084E+01    0.213602E+01    0.135940E+02
   22755.0000    7661.7831  0.313434E-01    0.409909E-01    0.482087E-01    0.552297E-01    0.609669E-01    0.665118E-01    0.711827E-01    0.761967E-01    0.811670E-01    0.859122E-01    0.138460E+00    0.204242E+00    0.295548E+00    0.422390E+00    0.602494E+00    0.876347E+00    0.132523E+01    0.213653E+01    0.216791E+02
   23052.0000    7761.7853  0.315026E-01    0.408390E-01    0.481664E-01    0.547992E-01    0.609516E-01    0.664651E-01    0.712371E-01    0.761703E-01    0.810621E-01    0.859149E-01    0.138340E+00    0.204698E+00    0.293978E+00    0.419457E+00    0.600681E+00    0.870874E+00    0.131552E+01    0.212090E+01    0.226988E+02
   23346.0000    7860.7774  0.322468E-01    0.417759E-01    0.490959E-01    0.555661E-01    0.611192E-01    0.665235E-01    0.716924E-01    0.765992E-01    0.815697E-01    0.861188E-01    0.138178E+00    0.203883E+00    0.294232E+00    0.418606E+00    0.600354E+00    0.868376E+00    0.130979E+01    0.211073E+01    0.160685E+02
   23643.0000    7960.7795  0.324297E-01    0.418512E-01    0.485908E-01    0.548303E-01    0.606496E-01    0.660802E-01    0.712765E-01    0.763453E-01    0.810679E-01    0.859194E-01    0.137391E+00    0.203291E+00    0.293578E+00    0.417865E+00    0.594962E+00    0.863563E+00    0.130242E+01    0.208752E+01    0.789812E+01
   23759.6250    8000.0481  0.315844E-01    0.409893E-01    0.485013E-01    0.547174E-01    0.608652E-01    0.664032E-01    0.713647E-01    0.766237E-01    0.814928E-01    0.863371E-01    0.137734E+00    0.202473E+00    0.291849E+00    0.415310E+00    0.591681E+00    0.857887E+00    0.129800E+01    0.209951E+01    0.191411E+02
