   11500.0000    3099.5686 1  -0.507156E-02 -0.563294E-02 -0.725023E-04  0.180470E-03  0.329212E-04 -0.282962E-03
   11500.0000    3099.5686 2   0.449739E+03 -0.186432E+04 -0.542741E+03  0.120495E+02 -0.402053E+01  0.771481E+01
   43039.2275   11600.2643 1  -0.193459E-01  0.135867E-01 -0.344253E-01 -0.409053E-03  0.245119E-03 -0.186616E-03
   43039.2275   11600.2643 2  -0.168149E+04  0.565497E+03 -0.984431E+03 -0.900236E+01 -0.925673E+01  0.819446E+00
   43408.2275   11699.7200 1   0.540020E-01 -0.614390E-01  0.203287E-01 -0.413262E-03  0.702885E-03 -0.145013E-02
   43408.2275   11699.7200 2   0.144891E+04  0.101744E+04 -0.961632E+03 -0.423414E+01  0.112829E+02 -0.533093E+01
   43777.2275   11799.1758 1  -0.130876E+00 -0.131814E-01  0.226625E+00  0.146399E-02  0.465879E-02 -0.528927E-02
   43777.2275   11799.1758 2   0.652589E+02 -0.192574E+04 -0.451581E+03  0.108167E+02 -0.267037E+01 -0.105649E+02
   44146.2275   11898.6315 1   0.196609E+00  0.113419E+00  0.335838E+00 -0.155762E-01  0.310824E-02 -0.135278E-01
   44146.2275   11898.6315 2  -0.171326E+04  0.901129E+03  0.424844E+03 -0.108069E+02 -0.637231E+01 -0.896323E+01
   44515.2275   11998.0872 1  -0.202071E-01 -0.366300E+00  0.128822E+00  0.102421E-02  0.173192E-01 -0.628968E-02
   44515.2275   11998.0872 2   0.153735E+04  0.879051E+03  0.945947E+03 -0.379807E+00  0.132188E+02 -0.151476E+01
   44884.2275   12097.5429 1  -0.409613E+00  0.129774E+00 -0.188405E+00  0.288540E-01  0.169764E-01 -0.217204E-02
   44884.2275   12097.5429 2  -0.197149E+03 -0.172847E+04  0.981257E+03  0.113873E+02 -0.493702E+01  0.482042E+01
   45253.2275   12196.9987 1   0.325989E+00  0.315578E+00 -0.720510E+00  0.383654E-01 -0.715948E-01  0.102522E+00
   45253.2275   12196.9987 2  -0.143938E+04  0.121970E+04  0.534432E+03 -0.948155E+01 -0.631607E+01  0.101599E+02
   45622.2275   12296.4544 1  -0.212078E+00 -0.659778E+00 -0.107108E+01  0.354026E-01  0.506732E-01  0.243696E+00
   45622.2275   12296.4544 2   0.181377E+04  0.657170E+03 -0.325331E+03  0.264996E+01  0.123485E+02  0.995983E+01
   45991.2275   12395.9101 1  -0.721064E+00  0.793331E+00 -0.445243E+00  0.801066E-01 -0.621326E-01  0.780454E-01
   45991.2275   12395.9101 2  -0.367527E+03 -0.172974E+04 -0.900730E+03  0.100020E+02 -0.912876E+01  0.225192E+01
   46360.2275   12495.3658 1   0.109102E+01  0.498823E+00  0.460458E+00 -0.492205E-01 -0.168423E+00 -0.305265E-02
   46360.2275   12495.3658 2  -0.114319E+04  0.127316E+04 -0.992584E+03 -0.118170E+02 -0.490819E+01 -0.429529E+01
   46729.2275   12594.8215 1  -0.625550E-01 -0.114343E+01  0.165203E+01 -0.211686E+00  0.106579E+00 -0.394667E+00
   46729.2275   12594.8215 2   0.182813E+04  0.242228E+03 -0.607638E+03  0.182815E+01  0.115411E+02 -0.975822E+01
   47098.2275   12694.2773 1  -0.690715E+00  0.131255E+01  0.237202E+01  0.108140E+00 -0.118888E+00 -0.740685E+00
   47098.2275   12694.2773 2  -0.733352E+03 -0.177112E+04  0.221379E+03  0.739081E+01 -0.103168E+02 -0.109885E+02
   47467.2275   12793.7330 1   0.212299E+01 -0.117519E+00  0.968588E+00 -0.327101E+00 -0.793714E-01 -0.310515E+00
   47467.2275   12793.7330 2  -0.104121E+04  0.142600E+04  0.849202E+03 -0.138303E+02 -0.896881E+00 -0.303521E+01
   47836.2275   12893.1887 1  -0.853428E+00 -0.207672E+01 -0.717597E+00 -0.128502E+00  0.429864E+00  0.162576E+00
   47836.2275   12893.1887 2   0.168474E+04  0.100432E+02  0.995990E+03  0.482364E+01  0.122893E+02  0.375038E+01
   48205.2275   12992.6444 1  -0.134717E+01  0.150296E+01 -0.258278E+01  0.452326E+00 -0.313352E-02  0.870622E+00
   48205.2275   12992.6444 2  -0.102174E+04 -0.148202E+04  0.671350E+03  0.742365E+01 -0.944845E+01  0.935757E+01
   48574.2275   13092.1002 1   0.224591E+01 -0.557976E+00 -0.394101E+01 -0.421449E+00 -0.541133E-01  0.139427E+01
   48574.2275   13092.1002 2  -0.803609E+03  0.172015E+04 -0.114055E+03 -0.126564E+02  0.138758E+01  0.120048E+02
   48943.2275   13191.5559 1  -0.236029E+01 -0.213070E+01 -0.164610E+01  0.365821E+00  0.627934E+00  0.598962E+00
   48943.2275   13191.5559 2   0.175304E+04 -0.179652E+03 -0.791805E+03  0.912019E+01  0.108482E+02  0.386838E+01
   49312.2275   13291.0116 1  -0.124650E+01  0.296275E+01  0.774942E+00  0.613281E+00 -0.558187E+00 -0.375756E+00
   49312.2275   13291.0116 2  -0.109533E+04 -0.124822E+04 -0.991891E+03  0.567621E+01 -0.123896E+02 -0.318064E+01
   49684.2275   13391.2759 1   0.276390E+01  0.456949E-01  0.311555E+01 -0.699373E+00 -0.335726E+00 -0.131850E+01
   49684.2275   13391.2759 2  -0.441497E+03  0.171059E+04 -0.752124E+03 -0.122269E+02  0.587651E+00 -0.860089E+01
   50053.2275   13490.7316 1  -0.223202E+01 -0.180227E+01  0.547702E+01  0.455733E+00  0.681928E+00 -0.203160E+01
   50053.2275   13490.7316 2   0.181474E+04 -0.536538E+03 -0.329281E+02  0.883138E+01  0.877123E+01 -0.127506E+02
   50070.6337   13495.4231 1  -0.130315E+01 -0.202199E+01  0.509685E+01  0.203924E+00  0.686713E+00 -0.193447E+01
   50070.6337   13495.4231 2   0.193826E+04 -0.375977E+03 -0.245734E+03  0.542068E+01  0.960542E+01 -0.115714E+02
