   11500.0000    3099.5686 144765      0      0       0.0000       1.0000
   43039.2275   11600.2643 143183      0      0       0.0005       0.9909
   43408.2275   11699.7200 140993      0      0       0.0010       0.9786
   43777.2275   11799.1758 139081      0      0       0.0014       0.9678
   44146.2275   11898.6315 137726      0      0       0.0019       0.9602
   44515.2275   11998.0872 136826      0      0       0.0024       0.9548
   44884.2275   12097.5429 135875      0      0       0.0029       0.9491
   45253.2275   12196.9987 134777      0      0       0.0034       0.9428
   45622.2275   12296.4544 133830      0      0       0.0039       0.9374
   45991.2275   12395.9101 133203      0      0       0.0043       0.9336
   46360.2275   12495.3658 132475      0      0       0.0047       0.9293
   46729.2275   12594.8215 131709      0      0       0.0051       0.9248
   47098.2275   12694.2773 130899      0      0       0.0056       0.9202
   47467.2275   12793.7330 130376      0      0       0.0060       0.9170
   47836.2275   12893.1887 129834      0      0       0.0064       0.9136
   48205.2275   12992.6444 129220      0      0       0.0068       0.9099
   48574.2275   13092.1002 128462      0      0       0.0072       0.9054
   48943.2275   13191.5559 128008      0      0       0.0076       0.9025
   49312.2275   13291.0116 127541      0      0       0.0081       0.8995
   49684.2275   13391.2759 126966      0      0       0.0084       0.8960
   50053.2275   13490.7316 126350      0      0       0.0088       0.8922
   50070.6337   13495.4231 126361      0      0       0.0088       0.8923
