   11500.0000    11500.00  0.431741E-01    0.685527E-01    0.898978E-01    0.106703E+00    0.122860E+00    0.138371E+00    0.153783E+00    0.168759E+00    0.182859E+00    0.198283E+00    0.347947E+00    0.525511E+00    0.739217E+00    0.996171E+00    0.133055E+01    0.179443E+01    0.250615E+01    0.392453E+01    0.104732E+02
   43039.2275   11600.2643  0.677914E-01    0.896133E-01    0.107243E+00    0.123191E+00    0.138556E+00    0.152999E+00    0.166995E+00    0.180426E+00    0.193688E+00    0.207808E+00    0.351335E+00    0.520664E+00    0.726012E+00    0.980199E+00    0.130540E+01    0.175942E+01    0.245888E+01    0.388240E+01    0.302826E+02
   43408.2275   11699.7200  0.672635E-01    0.890543E-01    0.107400E+00    0.122572E+00    0.136985E+00    0.150605E+00    0.164840E+00    0.177950E+00    0.191123E+00    0.204273E+00    0.348475E+00    0.516287E+00    0.713891E+00    0.960645E+00    0.127913E+01    0.171844E+01    0.239278E+01    0.369966E+01    0.300048E+02
   43777.2275   11799.1758  0.691109E-01    0.908242E-01    0.107509E+00    0.123523E+00    0.137833E+00    0.152580E+00    0.165735E+00    0.178865E+00    0.191801E+00    0.204653E+00    0.343771E+00    0.509752E+00    0.707428E+00    0.951667E+00    0.126509E+01    0.169157E+01    0.233867E+01    0.357444E+01    0.263031E+02
   44146.2275   11898.6315  0.685507E-01    0.899000E-01    0.108562E+00    0.123603E+00    0.138329E+00    0.151812E+00    0.164523E+00    0.177528E+00    0.190207E+00    0.203039E+00    0.340533E+00    0.502709E+00    0.701697E+00    0.941284E+00    0.125104E+01    0.166923E+01    0.229189E+01    0.347627E+01    0.258582E+02
   44515.2275   11998.0872  0.695265E-01    0.919108E-01    0.109548E+00    0.124811E+00    0.137828E+00    0.151006E+00    0.164065E+00    0.176893E+00    0.188958E+00    0.201517E+00    0.336569E+00    0.498065E+00    0.695971E+00    0.937905E+00    0.124724E+01    0.166102E+01    0.229042E+01    0.345404E+01    0.292465E+02
   44884.2275   12097.5429  0.706540E-01    0.917042E-01    0.109119E+00    0.124212E+00    0.137901E+00    0.150823E+00    0.163990E+00    0.176527E+00    0.188884E+00    0.202269E+00    0.335458E+00    0.494330E+00    0.690662E+00    0.926066E+00    0.123185E+01    0.164643E+01    0.226942E+01    0.340398E+01    0.295492E+02
   45253.2275   12196.9987  0.686470E-01    0.908840E-01    0.108020E+00    0.122671E+00    0.136292E+00    0.149574E+00    0.162961E+00    0.176057E+00    0.188920E+00    0.201067E+00    0.333547E+00    0.490207E+00    0.685340E+00    0.927936E+00    0.123079E+01    0.163934E+01    0.223744E+01    0.337100E+01    0.262923E+02
   45622.2275   12296.4544  0.663955E-01    0.883868E-01    0.105476E+00    0.120355E+00    0.134107E+00    0.148074E+00    0.160160E+00    0.172632E+00    0.185448E+00    0.197719E+00    0.327971E+00    0.485153E+00    0.679473E+00    0.916375E+00    0.121965E+01    0.162574E+01    0.222966E+01    0.331746E+01    0.248299E+02
   45991.2275   12395.9101  0.683429E-01    0.900001E-01    0.106523E+00    0.121142E+00    0.135389E+00    0.148984E+00    0.160962E+00    0.174041E+00    0.186064E+00    0.198500E+00    0.329889E+00    0.488026E+00    0.680539E+00    0.918158E+00    0.121610E+01    0.161979E+01    0.221598E+01    0.330651E+01    0.282898E+02
   46360.2275   12495.3658  0.693181E-01    0.907733E-01    0.107184E+00    0.121780E+00    0.135727E+00    0.148966E+00    0.161342E+00    0.173960E+00    0.185897E+00    0.198510E+00    0.328531E+00    0.484349E+00    0.678125E+00    0.914407E+00    0.121525E+01    0.161424E+01    0.220585E+01    0.327850E+01    0.289671E+02
   46729.2275   12594.8215  0.682998E-01    0.889789E-01    0.105610E+00    0.120501E+00    0.133929E+00    0.146333E+00    0.159337E+00    0.171266E+00    0.183359E+00    0.195602E+00    0.323764E+00    0.480660E+00    0.671672E+00    0.906962E+00    0.120382E+01    0.160117E+01    0.218632E+01    0.324285E+01    0.262065E+02
   47098.2275   12694.2773  0.673903E-01    0.898992E-01    0.106689E+00    0.120888E+00    0.133466E+00    0.145290E+00    0.158308E+00    0.170922E+00    0.182890E+00    0.195464E+00    0.324211E+00    0.476954E+00    0.669353E+00    0.904646E+00    0.120439E+01    0.160077E+01    0.217224E+01    0.320845E+01    0.237717E+02
   47467.2275   12793.7330  0.680235E-01    0.891945E-01    0.105278E+00    0.120002E+00    0.133705E+00    0.145669E+00    0.157581E+00    0.169388E+00    0.182025E+00    0.194528E+00    0.323136E+00    0.476844E+00    0.667005E+00    0.904012E+00    0.119450E+01    0.159048E+01    0.216992E+01    0.321114E+01    0.273495E+02
   47836.2275   12893.1887  0.691853E-01    0.905432E-01    0.106560E+00    0.120727E+00    0.133859E+00    0.146506E+00    0.158980E+00    0.170893E+00    0.182811E+00    0.194332E+00    0.320770E+00    0.473551E+00    0.663659E+00    0.894887E+00    0.119014E+01    0.158598E+01    0.217283E+01    0.320145E+01    0.285222E+02
   48205.2275   12992.6444  0.672687E-01    0.890648E-01    0.104787E+00    0.119131E+00    0.132654E+00    0.145223E+00    0.157281E+00    0.168668E+00    0.179680E+00    0.192175E+00    0.317888E+00    0.471089E+00    0.663407E+00    0.897364E+00    0.119400E+01    0.158995E+01    0.216285E+01    0.317370E+01    0.259475E+02
   48574.2275   13092.1002  0.663462E-01    0.885212E-01    0.103873E+00    0.118661E+00    0.132106E+00    0.145003E+00    0.157230E+00    0.169127E+00    0.180743E+00    0.192943E+00    0.316156E+00    0.468800E+00    0.658463E+00    0.890821E+00    0.118571E+01    0.156895E+01    0.213860E+01    0.315459E+01    0.228723E+02
   48943.2275   13191.5559  0.670837E-01    0.876301E-01    0.104900E+00    0.118949E+00    0.132494E+00    0.144953E+00    0.157076E+00    0.169070E+00    0.180825E+00    0.192108E+00    0.314831E+00    0.463617E+00    0.653314E+00    0.885022E+00    0.117955E+01    0.157605E+01    0.214753E+01    0.315360E+01    0.263265E+02
   49312.2275   13291.0116  0.659258E-01    0.865845E-01    0.102993E+00    0.116594E+00    0.130028E+00    0.142329E+00    0.154650E+00    0.166795E+00    0.178712E+00    0.190693E+00    0.313885E+00    0.464878E+00    0.650227E+00    0.884826E+00    0.118113E+01    0.157129E+01    0.214136E+01    0.313100E+01    0.279238E+02
   49684.2275   13391.2759  0.658407E-01    0.878218E-01    0.104233E+00    0.118000E+00    0.130488E+00    0.142785E+00    0.155038E+00    0.166307E+00    0.178481E+00    0.189714E+00    0.310725E+00    0.460287E+00    0.646952E+00    0.883322E+00    0.118164E+01    0.156809E+01    0.212202E+01    0.313132E+01    0.264052E+02
   50053.2275   13490.7316  0.670454E-01    0.877554E-01    0.103816E+00    0.117333E+00    0.130476E+00    0.143331E+00    0.155806E+00    0.166926E+00    0.178517E+00    0.190145E+00    0.309525E+00    0.457360E+00    0.641692E+00    0.875537E+00    0.116247E+01    0.154932E+01    0.210741E+01    0.307974E+01    0.224941E+02
   50070.6337   13495.4231  0.667563E-01    0.873558E-01    0.103485E+00    0.116786E+00    0.129558E+00    0.141788E+00    0.155088E+00    0.167150E+00    0.178679E+00    0.190720E+00    0.314091E+00    0.460773E+00    0.642312E+00    0.872636E+00    0.116918E+01    0.155643E+01    0.212008E+01    0.310377E+01    0.247787E+02
