 11500.000000  3099.568635  0  78501 0.376938  1   6590 0.062280  2    203 0.002020  3    423 0.004196  4    193 0.001601  5      5 0.000041  6      0 0.000000  7      0 0.000000  8      0 0.000000  9      0 0.000000 10      0 0.000000 11  56616 0.518826 12   1660 0.025299 13    573 0.008717 14      1 0.000082
 43039.227462 11600.264307  0  77315 0.375357  1   6417 0.061140  2    166 0.001663  3    428 0.004278  4    177 0.001475  5     10 0.000081  6      3 0.000022  7      0 0.000000  8      0 0.000000  9      0 0.000000 10      0 0.000000 11  56436 0.521618 12   1657 0.025486 13    573 0.008796 14      1 0.000083
 43408.227462 11699.720031  0  75653 0.372850  1   6207 0.059805  2    175 0.001771  3    448 0.004525  4    134 0.001127  5     13 0.000107  6      0 0.000000  7      0 0.000000  8      0 0.000000  9      0 0.000000 10      0 0.000000 11  56135 0.525066 12   1654 0.025759 13    573 0.008907 14      1 0.000084
 43777.227462 11799.175755  0  74238 0.370819  1   5990 0.058290  2    182 0.001859  3    456 0.004640  4    150 0.001272  5      7 0.000058  6      0 0.000000  7      0 0.000000  8      0 0.000000  9      0 0.000000 10      0 0.000000 11  55836 0.528019 12   1648 0.025951 13    573 0.009007 14      1 0.000085
 44146.227462 11898.631479  0  73213 0.369331  1   5807 0.056889  2    177 0.001818  3    458 0.004682  4    174 0.001481  5     13 0.000108  6      0 0.000000  7      0 0.000000  8      0 0.000000  9      0 0.000000 10      0 0.000000 11  55664 0.530403 12   1646 0.026124 13    573 0.009078 14      1 0.000086
 44515.227462 11998.087203  0  72562 0.368560  1   5647 0.055573  2    164 0.001690  3    453 0.004657  4    167 0.001424  5     15 0.000126  6      0 0.000000  7      0 0.000000  8      0 0.000000  9      0 0.000000 10      0 0.000000 11  55599 0.532500 12   1645 0.026254 13    573 0.009129 14      1 0.000086
 44884.227462 12097.542927  0  71877 0.367747  1   5502 0.054418  2    147 0.001521  3    439 0.004527  4    164 0.001404  5      6 0.000050  6      0 0.000000  7      0 0.000000  8      0 0.000000  9      0 0.000000 10      0 0.000000 11  55522 0.534668 12   1644 0.026394 13    573 0.009184 14      1 0.000087
 45253.227462 12196.998651  0  71058 0.366553  1   5347 0.053187  2    154 0.001601  3    405 0.004193  4    177 0.001519  5      7 0.000059  6      3 0.000023  7      0 0.000000  8      0 0.000000  9      0 0.000000 10      0 0.000000 11  55408 0.536962 12   1644 0.026571 13    573 0.009245 14      1 0.000087
 45622.227462 12296.454375  0  70361 0.365677  1   5196 0.051928  2    151 0.001575  3    398 0.004136  4    160 0.001377  5      5 0.000042  6      1 0.000007  7      0 0.000000  8      0 0.000000  9      0 0.000000 10      0 0.000000 11  55344 0.539209 12   1640 0.026661 13    573 0.009299 14      1 0.000088
 45991.227462 12395.910099  0  69900 0.365118  1   5053 0.050648  2    161 0.001683  3    381 0.003966  4    151 0.001301  5      7 0.000059  6      3 0.000023  7      0 0.000000  8      0 0.000000  9      0 0.000000 10      0 0.000000 11  55338 0.541091 12   1637 0.026719 13    571 0.009303 14      1 0.000088
 46360.227462 12495.365824  0  69353 0.364322  1   4903 0.049315  2    163 0.001708  3    402 0.004197  4    125 0.001078  5     11 0.000093  6      3 0.000023  7      0 0.000000  8      0 0.000000  9      0 0.000000 10      0 0.000000 11  55310 0.543053 12   1633 0.026776 13    571 0.009346 14      1 0.000089
 46729.227462 12594.821548  0  68792 0.363529  1   4770 0.048164  2    160 0.001681  3    394 0.004125  4    139 0.001201  5      4 0.000034  6      1 0.000007  7      0 0.000000  8      0 0.000000  9      0 0.000000 10      0 0.000000 11  55244 0.544871 12   1633 0.026907 13    571 0.009391 14      1 0.000089
 47098.227462 12694.277272  0  68178 0.362567  1   4612 0.046751  2    165 0.001739  3    408 0.004283  4    139 0.001203  5      5 0.000042  6      0 0.000000  7      0 0.000000  8      0 0.000000  9      0 0.000000 10      0 0.000000 11  55188 0.546859 12   1632 0.027027 13    571 0.009439 14      1 0.000089
 47467.227462 12793.732996  0  67792 0.362094  1   4467 0.045388  2    169 0.001784  3    394 0.004151  4    156 0.001351  5     10 0.000085  6      1 0.000007  7      0 0.000000  8      0 0.000000  9      0 0.000000 10      0 0.000000 11  55183 0.548460 12   1632 0.027119 13    571 0.009471 14      1 0.000090
 47836.227462 12893.188720  0  67397 0.361544  1   4361 0.044438  2    123 0.001301  3    424 0.004468  4    129 0.001118  5      9 0.000076  6      0 0.000000  7      0 0.000000  8      0 0.000000  9      0 0.000000 10      0 0.000000 11  55190 0.550288 12   1630 0.027186 13    570 0.009490 14      1 0.000090
 48205.227462 12992.644444  0  66943 0.360844  1   4236 0.043297  2    132 0.001398  3    401 0.004233  4    154 0.001335  5      2 0.000017  6      0 0.000000  7      0 0.000000  8      0 0.000000  9      0 0.000000 10      0 0.000000 11  55152 0.551975 12   1629 0.027281 13    570 0.009529 14      1 0.000090
 48574.227462 13092.100168  0  66403 0.360113  1   4107 0.042153  2    152 0.001615  3    366 0.003874  4    141 0.001225  5      4 0.000034  6      0 0.000000  7      0 0.000000  8      0 0.000000  9      0 0.000000 10      0 0.000000 11  55091 0.553933 12   1628 0.027401 13    569 0.009560 14      1 0.000091
 48943.227462 13191.555892  0  66076 0.359718  1   3978 0.040919  2    154 0.001638  3    344 0.003643  4    164 0.001425  5      5 0.000042  6      2 0.000015  7      0 0.000000  8      0 0.000000  9      0 0.000000 10      0 0.000000 11  55089 0.555463 12   1626 0.027455 13    569 0.009590 14      1 0.000091
 49312.227462 13291.011616  0  65751 0.359327  1   3843 0.039619  2    170 0.001811  3    338 0.003589  4    134 0.001164  5      8 0.000068  6      0 0.000000  7      0 0.000000  8      0 0.000000  9      0 0.000000 10      0 0.000000 11  55101 0.557162 12   1626 0.027546 13    569 0.009622 14      1 0.000092
 49684.227462 13391.275923  0  65360 0.358853  1   3703 0.038285  2    163 0.001740  3    382 0.004068  4    103 0.000896  5      5 0.000042  6      0 0.000000  7      0 0.000000  8      0 0.000000  9      0 0.000000 10      0 0.000000 11  55055 0.558724 12   1625 0.027639 13    569 0.009660 14      1 0.000092
 50053.227462 13490.731647  0  64925 0.358266  1   3560 0.036919  2    179 0.001915  3    376 0.004014  4    129 0.001124  5      5 0.000043  6      1 0.000008  7      0 0.000000  8      0 0.000000  9      0 0.000000 10      0 0.000000 11  54980 0.560163 12   1625 0.027755 13    569 0.009701 14      1 0.000092
 50070.633712 13495.423114  0  64932 0.358273  1   3553 0.036842  2    184 0.001969  3    376 0.004015  4    132 0.001150  5      2 0.000017  6      0 0.000000  7      0 0.000000  8      0 0.000000  9      0 0.000000 10      0 0.000000 11  54987 0.560189 12   1625 0.027753 13    569 0.009700 14      1 0.000092
