   11500.0000    3099.5686     0.959819       0.893983       0.843312       0.835888       0.804212       0.816212       0.807501       0.784467       0.775805       0.751344       0.733426       0.673618       0.628189       0.597539       0.562110       0.531951       0.511820       0.483894       0.457325       0.581606
   43039.2275   11600.2643     0.892054       0.864133       0.865936       0.839490       0.806948       0.824210       0.807752       0.787467       0.784464       0.772508       0.733344       0.674111       0.632344       0.599017       0.565672       0.537372       0.511660       0.480655       0.457720       0.582694
   43408.2275   11699.7200     0.887993       0.860067       0.830930       0.832771       0.824573       0.804117       0.793176       0.797201       0.782861       0.780059       0.732821       0.674518       0.637817       0.602059       0.569639       0.537414       0.511834       0.486264       0.457393       0.584413
   43777.2275   11799.1758     0.891436       0.872581       0.834296       0.833679       0.834426       0.815915       0.810973       0.793191       0.790273       0.776747       0.733415       0.675138       0.636585       0.603971       0.568363       0.541434       0.515475       0.488878       0.456323       0.585884
   44146.2275   11898.6315     0.887069       0.860089       0.841390       0.842547       0.812938       0.805153       0.803658       0.784059       0.802077       0.776640       0.735121       0.680683       0.635898       0.602364       0.570199       0.541699       0.516042       0.489547       0.459815       0.586979
   44515.2275   11998.0872     0.880668       0.863448       0.842737       0.837631       0.836587       0.823104       0.796919       0.798841       0.797953       0.793915       0.736398       0.680733       0.637805       0.600103       0.567181       0.545373       0.515230       0.492012       0.459043       0.587537
   44884.2275   12097.5429     0.881506       0.866225       0.845969       0.825193       0.818137       0.817245       0.807014       0.802080       0.791199       0.778518       0.734824       0.684617       0.635212       0.604054       0.571831       0.542978       0.513792       0.492652       0.461102       0.588132
   45253.2275   12196.9987     0.887734       0.858903       0.842096       0.832731       0.825112       0.816796       0.809224       0.792150       0.793323       0.786129       0.738387       0.682614       0.637247       0.603321       0.574486       0.540546       0.519493       0.490039       0.462637       0.588981
   45622.2275   12296.4544     0.885090       0.866659       0.831882       0.839220       0.824828       0.806978       0.820771       0.797789       0.786779       0.776235       0.740804       0.680079       0.640298       0.604891       0.573283       0.545344       0.518093       0.491287       0.462467       0.589716
   45991.2275   12395.9101     0.892463       0.858863       0.853381       0.836314       0.822162       0.814976       0.808674       0.806645       0.783112       0.781972       0.739455       0.679191       0.642918       0.603648       0.576259       0.541893       0.519717       0.490946       0.464165       0.590123
   46360.2275   12495.3658     0.881542       0.844089       0.838933       0.856792       0.842668       0.807070       0.806754       0.787600       0.793121       0.777573       0.742167       0.682830       0.639522       0.603754       0.574561       0.545702       0.520227       0.491258       0.464798       0.590660
   46729.2275   12594.8215     0.861199       0.858064       0.857027       0.840566       0.818474       0.834009       0.795485       0.795720       0.781832       0.780186       0.743718       0.683608       0.641678       0.605430       0.574965       0.544517       0.520558       0.493327       0.463990       0.591210
   47098.2275   12694.2773     0.862282       0.857189       0.854704       0.834093       0.816005       0.821059       0.807940       0.794260       0.798518       0.776993       0.737574       0.690650       0.642658       0.604685       0.571164       0.545361       0.523909       0.494528       0.465242       0.591865
   47467.2275   12793.7330     0.876138       0.849951       0.847958       0.842367       0.822269       0.837127       0.814192       0.814416       0.778527       0.778137       0.742914       0.687689       0.639200       0.602572       0.576844       0.546633       0.521365       0.494903       0.465591       0.592217
   47836.2275   12893.1887     0.871863       0.861532       0.854546       0.849394       0.814779       0.822709       0.816586       0.797114       0.789934       0.785789       0.745116       0.683468       0.641157       0.606104       0.575318       0.545914       0.522470       0.494179       0.466394       0.592488
   48205.2275   12992.6444     0.868658       0.833614       0.842582       0.845806       0.829329       0.806859       0.808249       0.812504       0.807871       0.780284       0.745959       0.687547       0.641062       0.603991       0.576539       0.545470       0.520073       0.497181       0.467572       0.592891
   48574.2275   13092.1002     0.890474       0.859221       0.850018       0.834165       0.823906       0.813778       0.818623       0.793434       0.799293       0.774016       0.747508       0.687186       0.638106       0.605399       0.575268       0.552674       0.521517       0.493399       0.468372       0.593404
   48943.2275   13191.5559     0.871012       0.861437       0.851462       0.840620       0.829959       0.828062       0.799552       0.791641       0.793804       0.780607       0.749887       0.687937       0.645212       0.606632       0.575456       0.546658       0.519842       0.496270       0.467188       0.593621
   49312.2275   13291.0116     0.877677       0.850901       0.852081       0.838043       0.825522       0.817871       0.803008       0.797525       0.783039       0.796925       0.751013       0.686489       0.646371       0.605684       0.573207       0.548306       0.519530       0.497526       0.468183       0.593821
   49684.2275   13391.2759     0.880172       0.857405       0.850831       0.833978       0.827662       0.813857       0.801760       0.811739       0.782559       0.796234       0.752244       0.687739       0.640642       0.607525       0.575940       0.548096       0.523241       0.494400       0.468850       0.594157
   50053.2275   13490.7316     0.869803       0.850826       0.844373       0.836457       0.828467       0.810891       0.818324       0.797456       0.805745       0.782077       0.750122       0.692075       0.645258       0.606759       0.577251       0.546911       0.521721       0.496309       0.467984       0.594558
   50070.6337   13495.4231     0.879433       0.850863       0.853562       0.848064       0.829343       0.815411       0.816771       0.795573       0.796134       0.779713       0.749250       0.691112       0.644618       0.606113       0.577778       0.546081       0.519703       0.497996       0.469219       0.594539
