       0.0000       0.0000  0.425426E-01    0.680315E-01    0.886144E-01    0.104900E+00    0.120346E+00    0.135550E+00    0.149696E+00    0.164102E+00    0.179064E+00    0.194159E+00    0.346990E+00    0.524329E+00    0.738571E+00    0.999890E+00    0.133710E+01    0.179794E+01    0.250292E+01    0.388015E+01    0.943791E+01
     297.0000     100.0022  0.634368E-01    0.857500E-01    0.103540E+00    0.119197E+00    0.133894E+00    0.148039E+00    0.162153E+00    0.176192E+00    0.190451E+00    0.204315E+00    0.348738E+00    0.517042E+00    0.721286E+00    0.974102E+00    0.129393E+01    0.172327E+01    0.239396E+01    0.368311E+01    0.195330E+02
     594.0000     200.0044  0.639915E-01    0.853218E-01    0.102760E+00    0.118175E+00    0.132667E+00    0.146789E+00    0.160500E+00    0.174626E+00    0.188350E+00    0.201715E+00    0.342469E+00    0.505712E+00    0.703527E+00    0.943787E+00    0.124758E+01    0.166447E+01    0.227713E+01    0.340834E+01    0.934881E+01
     888.0000     298.9964  0.632550E-01    0.842739E-01    0.101581E+00    0.117061E+00    0.131553E+00    0.145424E+00    0.159151E+00    0.172851E+00    0.185524E+00    0.199262E+00    0.337575E+00    0.500500E+00    0.695889E+00    0.934284E+00    0.124042E+01    0.164873E+01    0.224929E+01    0.334171E+01    0.122462E+02
    1185.0000     398.9986  0.648488E-01    0.860910E-01    0.102874E+00    0.118238E+00    0.132370E+00    0.145683E+00    0.158887E+00    0.171929E+00    0.184481E+00    0.197470E+00    0.333990E+00    0.495874E+00    0.691901E+00    0.923124E+00    0.122338E+01    0.162404E+01    0.220896E+01    0.326508E+01    0.224916E+02
    1479.0000     497.9907  0.641851E-01    0.846353E-01    0.101965E+00    0.116436E+00    0.130772E+00    0.144519E+00    0.158165E+00    0.170267E+00    0.183783E+00    0.197051E+00    0.331857E+00    0.489126E+00    0.680454E+00    0.910137E+00    0.120664E+01    0.159921E+01    0.217111E+01    0.317367E+01    0.241860E+02
    1776.0000     597.9928  0.633106E-01    0.840670E-01    0.101254E+00    0.116281E+00    0.130633E+00    0.143754E+00    0.156829E+00    0.169382E+00    0.181750E+00    0.193988E+00    0.328142E+00    0.485756E+00    0.671432E+00    0.900506E+00    0.119325E+01    0.157397E+01    0.212162E+01    0.307540E+01    0.187396E+02
    2070.0000     696.9849  0.636918E-01    0.847679E-01    0.102113E+00    0.116793E+00    0.131150E+00    0.143727E+00    0.156874E+00    0.169417E+00    0.182373E+00    0.194667E+00    0.326541E+00    0.481910E+00    0.668187E+00    0.895277E+00    0.117966E+01    0.155390E+01    0.209345E+01    0.302916E+01    0.111005E+02
    2367.0000     796.9871  0.635291E-01    0.858280E-01    0.101570E+00    0.116272E+00    0.129604E+00    0.142954E+00    0.155676E+00    0.168372E+00    0.180677E+00    0.192937E+00    0.322917E+00    0.477168E+00    0.663895E+00    0.888827E+00    0.117175E+01    0.154051E+01    0.206421E+01    0.294409E+01    0.884560E+01
    2661.0000     895.9791  0.635460E-01    0.852415E-01    0.101709E+00    0.116078E+00    0.129623E+00    0.142369E+00    0.154586E+00    0.166634E+00    0.178446E+00    0.191287E+00    0.321702E+00    0.475429E+00    0.659540E+00    0.884208E+00    0.116375E+01    0.153521E+01    0.207316E+01    0.299284E+01    0.177426E+02
    2958.0000     995.9813  0.641420E-01    0.848969E-01    0.101311E+00    0.116136E+00    0.129762E+00    0.142282E+00    0.154820E+00    0.166423E+00    0.178971E+00    0.191467E+00    0.320300E+00    0.473807E+00    0.658776E+00    0.879855E+00    0.115822E+01    0.152068E+01    0.204419E+01    0.291829E+01    0.217860E+02
    3252.0000    1094.9734  0.641796E-01    0.843292E-01    0.101423E+00    0.115875E+00    0.129198E+00    0.141836E+00    0.154771E+00    0.167268E+00    0.179294E+00    0.191361E+00    0.320653E+00    0.470702E+00    0.654364E+00    0.878162E+00    0.115492E+01    0.151214E+01    0.202689E+01    0.290835E+01    0.227716E+02
    3549.0000    1194.9755  0.647463E-01    0.856619E-01    0.101376E+00    0.115785E+00    0.129788E+00    0.142533E+00    0.154939E+00    0.166825E+00    0.179067E+00    0.190852E+00    0.317252E+00    0.469420E+00    0.649086E+00    0.865823E+00    0.114018E+01    0.150046E+01    0.200911E+01    0.286565E+01    0.148735E+02
    3843.0000    1293.9676  0.649868E-01    0.849542E-01    0.100889E+00    0.115295E+00    0.129135E+00    0.141981E+00    0.154297E+00    0.166309E+00    0.178264E+00    0.189978E+00    0.313807E+00    0.463804E+00    0.641295E+00    0.856460E+00    0.112834E+01    0.148323E+01    0.198559E+01    0.281423E+01    0.759972E+01
    4140.0000    1393.9698  0.638640E-01    0.847954E-01    0.101056E+00    0.115392E+00    0.128732E+00    0.141257E+00    0.153560E+00    0.165075E+00    0.177597E+00    0.189363E+00    0.314812E+00    0.465718E+00    0.643767E+00    0.858483E+00    0.113027E+01    0.148733E+01    0.198372E+01    0.283055E+01    0.151110E+02
    4434.0000    1492.9618  0.645851E-01    0.847177E-01    0.100782E+00    0.115172E+00    0.128361E+00    0.141610E+00    0.153064E+00    0.164244E+00    0.175985E+00    0.187717E+00    0.312945E+00    0.460994E+00    0.637277E+00    0.851409E+00    0.112094E+01    0.147798E+01    0.197661E+01    0.281158E+01    0.235625E+02
    4731.0000    1592.9640  0.638587E-01    0.839590E-01    0.100470E+00    0.114796E+00    0.127902E+00    0.140080E+00    0.151849E+00    0.163841E+00    0.175319E+00    0.186608E+00    0.311087E+00    0.458355E+00    0.636143E+00    0.851220E+00    0.111744E+01    0.146938E+01    0.196987E+01    0.279042E+01    0.254116E+02
    5025.0000    1691.9561  0.645691E-01    0.848207E-01    0.100941E+00    0.115283E+00    0.128239E+00    0.140193E+00    0.152128E+00    0.164062E+00    0.176096E+00    0.188357E+00    0.312744E+00    0.459454E+00    0.634731E+00    0.846436E+00    0.111357E+01    0.146195E+01    0.194622E+01    0.275574E+01    0.182641E+02
    5322.0000    1791.9582  0.652897E-01    0.858276E-01    0.100841E+00    0.114954E+00    0.127616E+00    0.139485E+00    0.150914E+00    0.162683E+00    0.174684E+00    0.186460E+00    0.309730E+00    0.456339E+00    0.630952E+00    0.842955E+00    0.110799E+01    0.145554E+01    0.193742E+01    0.272772E+01    0.863936E+01
    5616.0000    1890.9503  0.638561E-01    0.839224E-01    0.996254E-01    0.114006E+00    0.127445E+00    0.139154E+00    0.151079E+00    0.162413E+00    0.174215E+00    0.185985E+00    0.307945E+00    0.451965E+00    0.627331E+00    0.839886E+00    0.110125E+01    0.144750E+01    0.193494E+01    0.273758E+01    0.141994E+02
    5913.0000    1990.9525  0.650764E-01    0.852219E-01    0.101410E+00    0.115157E+00    0.126995E+00    0.139239E+00    0.150802E+00    0.162180E+00    0.173696E+00    0.185270E+00    0.305612E+00    0.450807E+00    0.625177E+00    0.836550E+00    0.109989E+01    0.144445E+01    0.192437E+01    0.272066E+01    0.240298E+02
    6207.0000    2089.9445  0.647601E-01    0.857624E-01    0.101067E+00    0.114816E+00    0.128039E+00    0.139927E+00    0.151519E+00    0.163087E+00    0.175120E+00    0.186531E+00    0.306673E+00    0.449223E+00    0.623671E+00    0.835260E+00    0.109706E+01    0.143979E+01    0.192147E+01    0.271007E+01    0.261112E+02
    6504.0000    2189.9467  0.648177E-01    0.848923E-01    0.100630E+00    0.114053E+00    0.126576E+00    0.139158E+00    0.150506E+00    0.162070E+00    0.172913E+00    0.184034E+00    0.304662E+00    0.445583E+00    0.618555E+00    0.825342E+00    0.108982E+01    0.143443E+01    0.191314E+01    0.269029E+01    0.190041E+02
    6798.0000    2288.9388  0.647495E-01    0.846784E-01    0.100117E+00    0.114487E+00    0.127021E+00    0.138730E+00    0.150666E+00    0.162421E+00    0.174196E+00    0.185288E+00    0.303316E+00    0.445965E+00    0.616233E+00    0.825858E+00    0.108648E+01    0.142749E+01    0.190460E+01    0.268059E+01    0.949955E+01
    7095.0000    2388.9409  0.658568E-01    0.854307E-01    0.100721E+00    0.113944E+00    0.126772E+00    0.138616E+00    0.150127E+00    0.161029E+00    0.172218E+00    0.183410E+00    0.302903E+00    0.444125E+00    0.615149E+00    0.824570E+00    0.108256E+01    0.141927E+01    0.189074E+01    0.266555E+01    0.122914E+02
    7389.0000    2487.9330  0.636501E-01    0.834905E-01    0.994373E-01    0.112477E+00    0.125040E+00    0.137153E+00    0.149462E+00    0.161286E+00    0.172457E+00    0.183583E+00    0.299811E+00    0.441689E+00    0.612172E+00    0.820098E+00    0.107979E+01    0.141540E+01    0.188483E+01    0.266999E+01    0.217437E+02
    7686.0000    2587.9352  0.641452E-01    0.841818E-01    0.991999E-01    0.112645E+00    0.124710E+00    0.136796E+00    0.147979E+00    0.158625E+00    0.170098E+00    0.181427E+00    0.298940E+00    0.438387E+00    0.610327E+00    0.818702E+00    0.107418E+01    0.140747E+01    0.188372E+01    0.265692E+01    0.244984E+02
    7980.0000    2686.9272  0.628676E-01    0.828239E-01    0.989125E-01    0.112457E+00    0.125411E+00    0.136849E+00    0.148030E+00    0.159484E+00    0.171203E+00    0.182299E+00    0.298269E+00    0.434860E+00    0.604828E+00    0.814544E+00    0.107017E+01    0.140162E+01    0.186389E+01    0.262526E+01    0.186989E+02
    8277.0000    2786.9294  0.640896E-01    0.833112E-01    0.990224E-01    0.112015E+00    0.124842E+00    0.136391E+00    0.148292E+00    0.159165E+00    0.169923E+00    0.181077E+00    0.297302E+00    0.434634E+00    0.601722E+00    0.808452E+00    0.106559E+01    0.139333E+01    0.185339E+01    0.261055E+01    0.101992E+02
    8571.0000    2885.9215  0.632343E-01    0.832481E-01    0.994745E-01    0.112525E+00    0.125114E+00    0.136879E+00    0.149008E+00    0.159989E+00    0.171598E+00    0.182977E+00    0.299131E+00    0.434135E+00    0.602268E+00    0.809780E+00    0.107048E+01    0.140371E+01    0.186667E+01    0.262224E+01    0.861532E+01
    8868.0000    2985.9237  0.622999E-01    0.836065E-01    0.995175E-01    0.112773E+00    0.125397E+00    0.137842E+00    0.149589E+00    0.160641E+00    0.171348E+00    0.182041E+00    0.296082E+00    0.433407E+00    0.602135E+00    0.808193E+00    0.106191E+01    0.138981E+01    0.185441E+01    0.261030E+01    0.183370E+02
    9162.0000    3084.9157  0.632782E-01    0.828414E-01    0.985941E-01    0.112385E+00    0.124619E+00    0.137208E+00    0.148200E+00    0.159086E+00    0.169646E+00    0.180492E+00    0.295367E+00    0.431980E+00    0.598140E+00    0.803268E+00    0.105512E+01    0.137966E+01    0.184209E+01    0.259264E+01    0.212182E+02
    9459.0000    3184.9179  0.636370E-01    0.838015E-01    0.993459E-01    0.112927E+00    0.125052E+00    0.136403E+00    0.147729E+00    0.159080E+00    0.170035E+00    0.181089E+00    0.293749E+00    0.429478E+00    0.597559E+00    0.803968E+00    0.105755E+01    0.138150E+01    0.184239E+01    0.259160E+01    0.211096E+02
    9753.0000    3283.9099  0.634050E-01    0.839611E-01    0.991905E-01    0.112732E+00    0.125432E+00    0.136763E+00    0.148621E+00    0.159993E+00    0.170329E+00    0.181288E+00    0.294564E+00    0.429546E+00    0.592431E+00    0.793645E+00    0.104756E+01    0.137645E+01    0.183293E+01    0.257632E+01    0.142869E+02
   10050.0000    3383.9121  0.626804E-01    0.828660E-01    0.985218E-01    0.111243E+00    0.123937E+00    0.135194E+00    0.145880E+00    0.156551E+00    0.167783E+00    0.178686E+00    0.292692E+00    0.425678E+00    0.590692E+00    0.791476E+00    0.104261E+01    0.136629E+01    0.181897E+01    0.255381E+01    0.714607E+01
   10344.0000    3482.9042  0.628647E-01    0.832020E-01    0.988508E-01    0.111889E+00    0.124031E+00    0.135421E+00    0.146753E+00    0.157508E+00    0.167613E+00    0.178384E+00    0.290804E+00    0.424334E+00    0.588852E+00    0.791603E+00    0.104299E+01    0.136458E+01    0.181937E+01    0.256467E+01    0.140239E+02
   10641.0000    3582.9064  0.639468E-01    0.837684E-01    0.983408E-01    0.111401E+00    0.123344E+00    0.135619E+00    0.146899E+00    0.157636E+00    0.168280E+00    0.178994E+00    0.290230E+00    0.424320E+00    0.588939E+00    0.791765E+00    0.104688E+01    0.137030E+01    0.181607E+01    0.255673E+01    0.223768E+02
   10935.0000    3681.8984  0.644216E-01    0.837863E-01    0.990136E-01    0.111671E+00    0.123719E+00    0.134834E+00    0.145774E+00    0.156401E+00    0.167559E+00    0.177600E+00    0.289640E+00    0.423850E+00    0.586490E+00    0.787772E+00    0.103736E+01    0.135948E+01    0.181303E+01    0.255701E+01    0.245627E+02
   11232.0000    3781.9006  0.647585E-01    0.833951E-01    0.982841E-01    0.111356E+00    0.123512E+00    0.135039E+00    0.146025E+00    0.157341E+00    0.167957E+00    0.178050E+00    0.289076E+00    0.422779E+00    0.584174E+00    0.784297E+00    0.103438E+01    0.135628E+01    0.180838E+01    0.255143E+01    0.176288E+02
   11526.0000    3880.8927  0.633472E-01    0.829197E-01    0.986806E-01    0.111950E+00    0.123676E+00    0.135381E+00    0.146041E+00    0.156500E+00    0.166964E+00    0.177721E+00    0.286943E+00    0.417461E+00    0.581555E+00    0.778355E+00    0.102937E+01    0.134996E+01    0.179001E+01    0.252004E+01    0.852883E+01
   11823.0000    3980.8948  0.631743E-01    0.826131E-01    0.978598E-01    0.110783E+00    0.122253E+00    0.133569E+00    0.144283E+00    0.154575E+00    0.164894E+00    0.175320E+00    0.285313E+00    0.415194E+00    0.578742E+00    0.776431E+00    0.102786E+01    0.134896E+01    0.179355E+01    0.252777E+01    0.137434E+02
   11879.7812    4000.0135  0.633381E-01    0.819335E-01    0.976914E-01    0.110341E+00    0.122852E+00    0.133751E+00    0.144569E+00    0.155355E+00    0.165672E+00    0.175911E+00    0.286119E+00    0.415124E+00    0.577098E+00    0.775646E+00    0.102867E+01    0.134815E+01    0.179754E+01    0.251931E+01    0.204765E+02
