0.000000    52.032600    1.000000     1.000000
99.586033    41.511575    0.973891     0.967928
199.172066    32.560882    0.943903     0.932806
298.758100    45.427112    0.927059     0.913583
398.344133    53.646354    0.909643     0.894267
497.930166    53.120785    0.893571     0.876283
597.516199    43.651838    0.880082     0.861394
697.102232    31.422900    0.864578     0.844178
796.688265    42.481388    0.854124     0.832672
896.274299    52.190493    0.843934     0.821517
995.860332    52.923360    0.834983     0.811672
1094.549193    45.724932    0.825290     0.801178
1194.135227    32.001063    0.815768     0.790450
1293.721260    37.026674    0.809406     0.783550
1393.307293    49.108049    0.802269     0.775689
1492.893326    52.414528    0.795165     0.767756
1592.479359    48.178555    0.789081     0.760989
1692.065392    35.108342    0.782319     0.753383
1791.651426    33.824197    0.775801     0.746156
1891.237459    46.752429    0.770781     0.740744
1990.823492    53.502255    0.766085     0.735533
2089.512354    51.492770    0.761153     0.730083
2189.098387    40.702354    0.756274     0.724711
2288.684420    32.204478    0.750024     0.717806
2388.270453    45.515266    0.746114     0.713528
2487.856486    53.731210    0.742159     0.709072
2587.442520    53.068968    0.737586     0.703889
2687.028553    43.656514    0.733645     0.699544
2786.614586    32.054080    0.728723     0.694050
2886.200619    43.308306    0.725486     0.690428
2985.786652    52.731682    0.722068     0.686617
3085.372685    53.397936    0.718581     0.682694
3184.061547    45.338686    0.715346     0.679044
3283.647580    31.421432    0.711332     0.674500
3383.233613    38.394232    0.708138     0.670944
3482.819647    50.065374    0.704549     0.666922
3582.405680    52.492670    0.701310     0.663406
3681.991713    47.130349    0.698304     0.660067
3781.577746    33.784200    0.694282     0.655650
3881.163779    33.659292    0.691383     0.652439
3980.749812    46.970322    0.688618     0.649317
4080.335846    52.830719    0.685491     0.645806
4179.024707    50.777677    0.682842     0.642867
4278.610740    39.609636    0.680047     0.639717
4378.196774    31.532153    0.676511     0.635689
4477.782807    45.258808    0.674143     0.633006
4577.368840    53.594058    0.671545     0.630039
4676.954873    52.797759    0.668877     0.626944
4776.540906    43.292786    0.666311     0.624172
4876.126940    32.183221    0.663121     0.620622
4975.712973    43.818947    0.660950     0.618194
5075.299006    53.083389    0.658478     0.615511
5174.885039    53.628260    0.656024     0.612739
5273.573901    45.741898    0.653862     0.610328
5373.159934    32.028552    0.651346     0.607517
5472.745967    39.652372    0.649085     0.604900
5572.332000    50.892423    0.646578     0.602156
5671.918033    53.209430    0.644249     0.599544
5771.504067    47.054971    0.641870     0.596861
5871.090100    33.558291    0.639581     0.594256
5970.676133    34.852086    0.637408     0.591839
6070.262166    47.941701    0.635326     0.589483
6169.848199    52.468664    0.632970     0.586828
6268.537061    49.895362    0.630958     0.584606
6368.123094    38.296235    0.628939     0.582283
6467.709127    31.049134    0.626220     0.579233
6567.295160    44.864797    0.624313     0.577122
6666.881194    53.222818    0.622192     0.574789
6766.467227    52.322885    0.620099     0.572478
6866.053260    42.576677    0.618440     0.570444
6965.639293    31.770582    0.615923     0.567578
7065.225326    43.976764    0.614180     0.565683
7164.811360    53.228429    0.612502     0.563739
7263.500221    53.822134    0.610423     0.561417
7363.086254    45.860065    0.608571     0.559450
7462.672288    32.577178    0.606680     0.557294
7562.258321    40.664066    0.604570     0.554961
7661.844354    51.551552    0.602852     0.553011
7761.430387    53.756977    0.601159     0.551106
7861.016420    46.673289    0.599412     0.549122
7960.602453    32.800368    0.597525     0.547000
8000.040616    50.960860    0.596618     0.546050
