       0.0000       0.0000  0.356751E-01    0.532754E-01    0.676956E-01    0.814169E-01    0.951775E-01    0.108306E+00    0.122369E+00    0.136484E+00    0.150512E+00    0.164470E+00    0.321105E+00    0.507021E+00    0.729302E+00    0.999958E+00    0.134550E+01    0.181875E+01    0.252378E+01    0.390789E+01    0.893752E+01
     312.0000      99.7872  0.503772E-01    0.687493E-01    0.836096E-01    0.974686E-01    0.111763E+00    0.124570E+00    0.137416E+00    0.150372E+00    0.163408E+00    0.175822E+00    0.322357E+00    0.501662E+00    0.716307E+00    0.983309E+00    0.132256E+01    0.178534E+01    0.248163E+01    0.386281E+01    0.266850E+02
     624.0000     199.5743  0.508214E-01    0.680290E-01    0.826483E-01    0.965549E-01    0.109835E+00    0.122514E+00    0.135540E+00    0.149102E+00    0.162518E+00    0.175167E+00    0.318929E+00    0.492660E+00    0.702266E+00    0.961069E+00    0.129120E+01    0.173219E+01    0.239456E+01    0.364146E+01    0.237962E+02
     936.0000     299.3615  0.505721E-01    0.685051E-01    0.825751E-01    0.966530E-01    0.109449E+00    0.122781E+00    0.135504E+00    0.148248E+00    0.160806E+00    0.174159E+00    0.316146E+00    0.484935E+00    0.694146E+00    0.945647E+00    0.126553E+01    0.169394E+01    0.232781E+01    0.348332E+01    0.223359E+02
    1245.0000     398.1891  0.502211E-01    0.676577E-01    0.819042E-01    0.961419E-01    0.108743E+00    0.121440E+00    0.133815E+00    0.146198E+00    0.158316E+00    0.170250E+00    0.312768E+00    0.482131E+00    0.688336E+00    0.940380E+00    0.125811E+01    0.168301E+01    0.230462E+01    0.344942E+01    0.252498E+02
    1557.0000     497.9763  0.506219E-01    0.681193E-01    0.827253E-01    0.957773E-01    0.108452E+00    0.121319E+00    0.132524E+00    0.144685E+00    0.156641E+00    0.170195E+00    0.307745E+00    0.475901E+00    0.680856E+00    0.932148E+00    0.124678E+01    0.167042E+01    0.227867E+01    0.341835E+01    0.258405E+02
    1869.0000     597.7634  0.517706E-01    0.689142E-01    0.831299E-01    0.964712E-01    0.108066E+00    0.120267E+00    0.131897E+00    0.143647E+00    0.156155E+00    0.168513E+00    0.305476E+00    0.471411E+00    0.672014E+00    0.920994E+00    0.123318E+01    0.164395E+01    0.224574E+01    0.332966E+01    0.232856E+02
    2178.0000     696.5911  0.513582E-01    0.694764E-01    0.837668E-01    0.967669E-01    0.108867E+00    0.120357E+00    0.132146E+00    0.143816E+00    0.156211E+00    0.168343E+00    0.304208E+00    0.466372E+00    0.665167E+00    0.910399E+00    0.121744E+01    0.162396E+01    0.221542E+01    0.323526E+01    0.211785E+02
    2490.0000     796.3783  0.526707E-01    0.694385E-01    0.830221E-01    0.956389E-01    0.107678E+00    0.119276E+00    0.131351E+00    0.143159E+00    0.155664E+00    0.167549E+00    0.301300E+00    0.465221E+00    0.664025E+00    0.907964E+00    0.121063E+01    0.160967E+01    0.219619E+01    0.322219E+01    0.241788E+02
    2802.0000     896.1654  0.508485E-01    0.688810E-01    0.835218E-01    0.966723E-01    0.109266E+00    0.120901E+00    0.132174E+00    0.144233E+00    0.156073E+00    0.168434E+00    0.302335E+00    0.466972E+00    0.662540E+00    0.904138E+00    0.120637E+01    0.161429E+01    0.219590E+01    0.320887E+01    0.250026E+02
    3114.0000     995.9526  0.526535E-01    0.689634E-01    0.833795E-01    0.960739E-01    0.108108E+00    0.120214E+00    0.131495E+00    0.142733E+00    0.154237E+00    0.165955E+00    0.298513E+00    0.457520E+00    0.654438E+00    0.896175E+00    0.119963E+01    0.159518E+01    0.216298E+01    0.315978E+01    0.227563E+02
    3423.0000    1094.7802  0.515593E-01    0.696233E-01    0.845666E-01    0.964393E-01    0.108278E+00    0.120352E+00    0.131872E+00    0.143260E+00    0.154592E+00    0.165777E+00    0.296589E+00    0.456708E+00    0.650356E+00    0.889425E+00    0.118768E+01    0.157909E+01    0.214497E+01    0.311597E+01    0.202394E+02
    3735.0000    1194.5674  0.523933E-01    0.698910E-01    0.844271E-01    0.975191E-01    0.109401E+00    0.120788E+00    0.132572E+00    0.143354E+00    0.154632E+00    0.165820E+00    0.292954E+00    0.452971E+00    0.645994E+00    0.886291E+00    0.118109E+01    0.157032E+01    0.212942E+01    0.309657E+01    0.231249E+02
    4047.0000    1294.3546  0.526868E-01    0.710479E-01    0.849834E-01    0.971746E-01    0.108621E+00    0.119935E+00    0.131261E+00    0.142888E+00    0.154130E+00    0.165767E+00    0.294231E+00    0.452430E+00    0.644081E+00    0.882272E+00    0.117700E+01    0.156300E+01    0.212547E+01    0.308883E+01    0.242363E+02
    4356.0000    1393.1822  0.527793E-01    0.700615E-01    0.834301E-01    0.959898E-01    0.107728E+00    0.118741E+00    0.129007E+00    0.140250E+00    0.151732E+00    0.163461E+00    0.292176E+00    0.449383E+00    0.641936E+00    0.876959E+00    0.116951E+01    0.155070E+01    0.211230E+01    0.306047E+01    0.217354E+02
    4668.0000    1492.9694  0.518827E-01    0.691907E-01    0.828490E-01    0.951908E-01    0.107064E+00    0.117839E+00    0.128929E+00    0.139874E+00    0.151078E+00    0.162500E+00    0.289816E+00    0.446471E+00    0.637512E+00    0.869019E+00    0.116201E+01    0.154110E+01    0.208267E+01    0.300502E+01    0.193440E+02
    4980.0000    1592.7565  0.523745E-01    0.685630E-01    0.825825E-01    0.950604E-01    0.106763E+00    0.117515E+00    0.128653E+00    0.139553E+00    0.150425E+00    0.161832E+00    0.287431E+00    0.443032E+00    0.633261E+00    0.868705E+00    0.115813E+01    0.153748E+01    0.207761E+01    0.300559E+01    0.221859E+02
    5289.0000    1691.5842  0.527634E-01    0.701525E-01    0.835044E-01    0.958993E-01    0.107631E+00    0.118442E+00    0.128553E+00    0.139257E+00    0.150022E+00    0.161225E+00    0.288222E+00    0.441718E+00    0.631557E+00    0.863844E+00    0.115502E+01    0.153248E+01    0.207352E+01    0.298459E+01    0.229427E+02
    5601.0000    1791.3713  0.515909E-01    0.690719E-01    0.826765E-01    0.949032E-01    0.105891E+00    0.117290E+00    0.128135E+00    0.138680E+00    0.149471E+00    0.160963E+00    0.285474E+00    0.441342E+00    0.630000E+00    0.857482E+00    0.114610E+01    0.152214E+01    0.206154E+01    0.296696E+01    0.210950E+02
    5913.0000    1891.1585  0.538875E-01    0.702282E-01    0.833700E-01    0.957327E-01    0.107081E+00    0.118209E+00    0.128984E+00    0.139765E+00    0.150488E+00    0.160889E+00    0.283305E+00    0.439282E+00    0.626992E+00    0.854671E+00    0.114069E+01    0.151928E+01    0.205434E+01    0.294354E+01    0.184869E+02
    6225.0000    1990.9457  0.519104E-01    0.689391E-01    0.827094E-01    0.943499E-01    0.105203E+00    0.115812E+00    0.127367E+00    0.138386E+00    0.149776E+00    0.160643E+00    0.282471E+00    0.438297E+00    0.623109E+00    0.852525E+00    0.114180E+01    0.151734E+01    0.204838E+01    0.294398E+01    0.211013E+02
    6534.0000    2089.7733  0.541440E-01    0.710187E-01    0.844076E-01    0.961471E-01    0.106813E+00    0.117162E+00    0.127970E+00    0.138338E+00    0.149352E+00    0.159698E+00    0.281504E+00    0.434318E+00    0.620094E+00    0.848707E+00    0.113549E+01    0.151026E+01    0.204513E+01    0.294452E+01    0.220120E+02
    6846.0000    2189.5605  0.523655E-01    0.689476E-01    0.821703E-01    0.942946E-01    0.105195E+00    0.116069E+00    0.126736E+00    0.137214E+00    0.148009E+00    0.158091E+00    0.279359E+00    0.431099E+00    0.616800E+00    0.847052E+00    0.113164E+01    0.150311E+01    0.203446E+01    0.291707E+01    0.204312E+02
    7158.0000    2289.3476  0.526000E-01    0.692201E-01    0.818525E-01    0.935385E-01    0.104576E+00    0.115482E+00    0.125953E+00    0.136169E+00    0.146974E+00    0.157646E+00    0.277132E+00    0.427910E+00    0.614838E+00    0.842521E+00    0.112589E+01    0.149418E+01    0.201100E+01    0.288976E+01    0.176439E+02
    7467.0000    2388.1753  0.519721E-01    0.698530E-01    0.837139E-01    0.951251E-01    0.106031E+00    0.116551E+00    0.126949E+00    0.137676E+00    0.148325E+00    0.158853E+00    0.275037E+00    0.425291E+00    0.611891E+00    0.836952E+00    0.111831E+01    0.148923E+01    0.200945E+01    0.288212E+01    0.198287E+02
    7779.0000    2487.9625  0.532978E-01    0.702245E-01    0.836291E-01    0.955938E-01    0.106474E+00    0.116844E+00    0.127086E+00    0.137815E+00    0.148518E+00    0.158711E+00    0.277272E+00    0.425853E+00    0.609582E+00    0.838788E+00    0.112375E+01    0.149108E+01    0.200860E+01    0.289147E+01    0.210132E+02
    8091.0000    2587.7496  0.536115E-01    0.699656E-01    0.828572E-01    0.947142E-01    0.106234E+00    0.117084E+00    0.127537E+00    0.137680E+00    0.147664E+00    0.158305E+00    0.274938E+00    0.423422E+00    0.607457E+00    0.833339E+00    0.111430E+01    0.147890E+01    0.199667E+01    0.287073E+01    0.197069E+02
    8400.0000    2686.5773  0.530845E-01    0.696277E-01    0.825654E-01    0.947713E-01    0.105409E+00    0.116144E+00    0.126703E+00    0.137065E+00    0.147631E+00    0.158508E+00    0.273443E+00    0.422219E+00    0.604577E+00    0.828787E+00    0.110751E+01    0.147198E+01    0.197420E+01    0.282820E+01    0.164650E+02
    8712.0000    2786.3644  0.530078E-01    0.686288E-01    0.820568E-01    0.942442E-01    0.104621E+00    0.115449E+00    0.125385E+00    0.136102E+00    0.146722E+00    0.157293E+00    0.272654E+00    0.419278E+00    0.600881E+00    0.824202E+00    0.110666E+01    0.147773E+01    0.198454E+01    0.285528E+01    0.188159E+02
    9024.0000    2886.1516  0.538778E-01    0.703354E-01    0.829493E-01    0.948372E-01    0.105711E+00    0.116465E+00    0.126443E+00    0.136382E+00    0.146322E+00    0.156703E+00    0.270451E+00    0.417232E+00    0.597397E+00    0.820480E+00    0.110153E+01    0.146498E+01    0.197622E+01    0.285028E+01    0.200678E+02
    9336.0000    2985.9387  0.531264E-01    0.695816E-01    0.828227E-01    0.952259E-01    0.106304E+00    0.116734E+00    0.127365E+00    0.137225E+00    0.147415E+00    0.157373E+00    0.271101E+00    0.416550E+00    0.598346E+00    0.823741E+00    0.109864E+01    0.146130E+01    0.197177E+01    0.282543E+01    0.189597E+02
    9645.0000    3084.7664  0.512621E-01    0.677513E-01    0.814757E-01    0.933958E-01    0.104271E+00    0.114920E+00    0.124127E+00    0.134294E+00    0.144760E+00    0.155506E+00    0.268595E+00    0.413936E+00    0.590363E+00    0.811021E+00    0.108691E+01    0.144327E+01    0.194044E+01    0.277621E+01    0.157314E+02
    9957.0000    3184.5536  0.513167E-01    0.682421E-01    0.809971E-01    0.924854E-01    0.103417E+00    0.113268E+00    0.123574E+00    0.133928E+00    0.143846E+00    0.154051E+00    0.267076E+00    0.411168E+00    0.590077E+00    0.812711E+00    0.109166E+01    0.144933E+01    0.196173E+01    0.280397E+01    0.177990E+02
   10269.0000    3284.3407  0.516498E-01    0.680493E-01    0.817283E-01    0.935456E-01    0.103870E+00    0.114368E+00    0.124755E+00    0.134593E+00    0.144822E+00    0.155288E+00    0.267467E+00    0.409974E+00    0.588006E+00    0.809191E+00    0.108601E+01    0.144887E+01    0.195221E+01    0.280677E+01    0.190642E+02
   10578.0000    3383.1684  0.525188E-01    0.690722E-01    0.826999E-01    0.939015E-01    0.104575E+00    0.115079E+00    0.125545E+00    0.135509E+00    0.145750E+00    0.155294E+00    0.265475E+00    0.409164E+00    0.588527E+00    0.806490E+00    0.108616E+01    0.144291E+01    0.193968E+01    0.279636E+01    0.173724E+02
   10890.0000    3482.9555  0.519712E-01    0.689372E-01    0.808973E-01    0.922811E-01    0.102724E+00    0.112578E+00    0.123027E+00    0.132933E+00    0.142794E+00    0.152873E+00    0.262651E+00    0.404759E+00    0.581176E+00    0.798830E+00    0.106979E+01    0.142784E+01    0.191927E+01    0.273908E+01    0.149356E+02
   11202.0000    3582.7427  0.530823E-01    0.701117E-01    0.824318E-01    0.941511E-01    0.104641E+00    0.114951E+00    0.124233E+00    0.133463E+00    0.143898E+00    0.153376E+00    0.261558E+00    0.401114E+00    0.576855E+00    0.798183E+00    0.107459E+01    0.143473E+01    0.193325E+01    0.276041E+01    0.167498E+02
   11511.0000    3681.5704  0.518057E-01    0.680476E-01    0.812886E-01    0.918656E-01    0.102828E+00    0.112760E+00    0.122775E+00    0.132638E+00    0.142338E+00    0.152492E+00    0.262356E+00    0.400888E+00    0.575549E+00    0.793787E+00    0.107056E+01    0.142775E+01    0.192589E+01    0.278005E+01    0.175885E+02
   11823.0000    3781.3575  0.524639E-01    0.687267E-01    0.810942E-01    0.929119E-01    0.103284E+00    0.113512E+00    0.124151E+00    0.134304E+00    0.144130E+00    0.153720E+00    0.260408E+00    0.400355E+00    0.572802E+00    0.793145E+00    0.106777E+01    0.142786E+01    0.192513E+01    0.277252E+01    0.165003E+02
   12135.0000    3881.1447  0.525354E-01    0.684796E-01    0.810186E-01    0.924109E-01    0.102818E+00    0.113064E+00    0.122881E+00    0.132818E+00    0.142663E+00    0.152493E+00    0.260954E+00    0.398777E+00    0.574670E+00    0.790587E+00    0.105732E+01    0.141237E+01    0.188818E+01    0.269329E+01    0.142401E+02
   12447.0000    3980.9318  0.521859E-01    0.685314E-01    0.809672E-01    0.925641E-01    0.103251E+00    0.113594E+00    0.123497E+00    0.132849E+00    0.142591E+00    0.151995E+00    0.260178E+00    0.399934E+00    0.572688E+00    0.790669E+00    0.106415E+01    0.141759E+01    0.190732E+01    0.273189E+01    0.158496E+02
   12506.6562    4000.0117  0.532166E-01    0.693181E-01    0.818177E-01    0.939923E-01    0.104656E+00    0.115126E+00    0.124526E+00    0.134090E+00    0.143437E+00    0.152759E+00    0.259302E+00    0.396883E+00    0.568802E+00    0.788104E+00    0.106144E+01    0.141236E+01    0.190338E+01    0.270959E+01    0.213828E+02
