 0.0000       0.0000  0.349989E-01    0.525202E-01    0.683588E-01    0.832213E-01    0.965477E-01    0.110021E+00    0.124039E+00    0.137805E+00    0.151707E+00    0.165440E+00    0.320415E+00    0.508586E+00    0.733265E+00    0.100002E+01    0.134267E+01    0.181392E+01    0.252586E+01    0.391611E+01    0.891184E+01
     297.0000     100.4062  0.176041E-01    0.245720E-01    0.310051E-01    0.372257E-01    0.437448E-01    0.506850E-01    0.582775E-01    0.658909E-01    0.734278E-01    0.816282E-01    0.182437E+00    0.314613E+00    0.486514E+00    0.720094E+00    0.104126E+01    0.150339E+01    0.223366E+01    0.362844E+01    0.148487E+02
     591.0000     199.7982  0.181358E-01    0.254158E-01    0.319898E-01    0.382677E-01    0.449226E-01    0.522438E-01    0.597796E-01    0.676231E-01    0.760844E-01    0.851609E-01    0.192484E+00    0.335006E+00    0.515159E+00    0.758452E+00    0.108777E+01    0.155448E+01    0.226652E+01    0.355898E+01    0.894947E+01
     885.0000     299.1901  0.187334E-01    0.261527E-01    0.326872E-01    0.390763E-01    0.462109E-01    0.538567E-01    0.618584E-01    0.702094E-01    0.791592E-01    0.880133E-01    0.202247E+00    0.355516E+00    0.553685E+00    0.816177E+00    0.116877E+01    0.167918E+01    0.245585E+01    0.388513E+01    0.183387E+02
    1179.0000     398.5821  0.191689E-01    0.268567E-01    0.333087E-01    0.401930E-01    0.470595E-01    0.547272E-01    0.627962E-01    0.717473E-01    0.808955E-01    0.901585E-01    0.206702E+00    0.365784E+00    0.574508E+00    0.846771E+00    0.120766E+01    0.173084E+01    0.253649E+01    0.396321E+01    0.261460E+02
    1473.0000     497.9741  0.191491E-01    0.267681E-01    0.337103E-01    0.407281E-01    0.479830E-01    0.553586E-01    0.632903E-01    0.720223E-01    0.807558E-01    0.899971E-01    0.208261E+00    0.370722E+00    0.583138E+00    0.860852E+00    0.122699E+01    0.174536E+01    0.253214E+01    0.389764E+01    0.248469E+02
    1767.0000     597.3661  0.197670E-01    0.277268E-01    0.344932E-01    0.415894E-01    0.489480E-01    0.563134E-01    0.642345E-01    0.723811E-01    0.815506E-01    0.911994E-01    0.209677E+00    0.370601E+00    0.585911E+00    0.865992E+00    0.123437E+01    0.175531E+01    0.252699E+01    0.384221E+01    0.158833E+02
    2061.0000     696.7580  0.205284E-01    0.278959E-01    0.349508E-01    0.415511E-01    0.485509E-01    0.560048E-01    0.639118E-01    0.722749E-01    0.809158E-01    0.900923E-01    0.205571E+00    0.363973E+00    0.576513E+00    0.854689E+00    0.121491E+01    0.172005E+01    0.247690E+01    0.372035E+01    0.804981E+01
    2355.0000     796.1500  0.206555E-01    0.285407E-01    0.355272E-01    0.424240E-01    0.496445E-01    0.576479E-01    0.653806E-01    0.738771E-01    0.827502E-01    0.918176E-01    0.207450E+00    0.364904E+00    0.578316E+00    0.860603E+00    0.123187E+01    0.174410E+01    0.250858E+01    0.381450E+01    0.153998E+02
    2649.0000     895.5420  0.207378E-01    0.287150E-01    0.360603E-01    0.432240E-01    0.502913E-01    0.581452E-01    0.657810E-01    0.742692E-01    0.823462E-01    0.912064E-01    0.205508E+00    0.359688E+00    0.570279E+00    0.848450E+00    0.121746E+01    0.173450E+01    0.247696E+01    0.373539E+01    0.234398E+02
    2946.0000     995.9482  0.213131E-01    0.295598E-01    0.363327E-01    0.429307E-01    0.500816E-01    0.575385E-01    0.651980E-01    0.734945E-01    0.817976E-01    0.908278E-01    0.201882E+00    0.353973E+00    0.563556E+00    0.839484E+00    0.120335E+01    0.169811E+01    0.243454E+01    0.365531E+01    0.228026E+02
    3240.0000    1095.3401  0.215357E-01    0.297180E-01    0.367459E-01    0.438552E-01    0.511010E-01    0.585173E-01    0.660206E-01    0.740347E-01    0.823945E-01    0.909626E-01    0.199250E+00    0.350935E+00    0.554813E+00    0.822235E+00    0.118178E+01    0.166982E+01    0.236928E+01    0.351272E+01    0.155288E+02
    3534.0000    1194.7321  0.217141E-01    0.296161E-01    0.367004E-01    0.434119E-01    0.506688E-01    0.580601E-01    0.652605E-01    0.736473E-01    0.816872E-01    0.900594E-01    0.195691E+00    0.341646E+00    0.537881E+00    0.800709E+00    0.114369E+01    0.160658E+01    0.228664E+01    0.333779E+01    0.754469E+01
    3828.0000    1294.1241  0.218135E-01    0.302246E-01    0.376517E-01    0.446641E-01    0.515359E-01    0.587246E-01    0.662078E-01    0.738712E-01    0.819253E-01    0.900908E-01    0.196049E+00    0.342512E+00    0.538434E+00    0.801239E+00    0.115187E+01    0.163781E+01    0.235492E+01    0.351703E+01    0.119433E+02
    4122.0000    1393.5161  0.221234E-01    0.304608E-01    0.375812E-01    0.443450E-01    0.510452E-01    0.582022E-01    0.654268E-01    0.726601E-01    0.810204E-01    0.891854E-01    0.194774E+00    0.337633E+00    0.532966E+00    0.788654E+00    0.113360E+01    0.161271E+01    0.230998E+01    0.344374E+01    0.197335E+02
    4416.0000    1492.9080  0.229059E-01    0.315689E-01    0.387640E-01    0.453890E-01    0.520381E-01    0.590744E-01    0.658703E-01    0.737224E-01    0.809660E-01    0.883806E-01    0.190807E+00    0.331088E+00    0.518979E+00    0.772099E+00    0.110845E+01    0.157749E+01    0.226202E+01    0.335911E+01    0.207967E+02
    4710.0000    1592.3000  0.230288E-01    0.315503E-01    0.384766E-01    0.454842E-01    0.522090E-01    0.591141E-01    0.663676E-01    0.737395E-01    0.810225E-01    0.889268E-01    0.188459E+00    0.327462E+00    0.516482E+00    0.769702E+00    0.110768E+01    0.155875E+01    0.223002E+01    0.330969E+01    0.191326E+02
    5004.0000    1691.6920  0.230363E-01    0.316724E-01    0.390212E-01    0.454917E-01    0.524216E-01    0.592529E-01    0.663455E-01    0.735325E-01    0.808574E-01    0.884770E-01    0.186401E+00    0.322362E+00    0.504576E+00    0.750068E+00    0.108173E+01    0.153460E+01    0.218668E+01    0.323253E+01    0.104999E+02
    5298.0000    1791.0840  0.236686E-01    0.319616E-01    0.390792E-01    0.456855E-01    0.522775E-01    0.586732E-01    0.654552E-01    0.731881E-01    0.802093E-01    0.880858E-01    0.184379E+00    0.318880E+00    0.496140E+00    0.737571E+00    0.106034E+01    0.150159E+01    0.214285E+01    0.314656E+01    0.824661E+01
    5595.0000    1891.4902  0.232438E-01    0.318968E-01    0.389378E-01    0.454919E-01    0.520932E-01    0.585602E-01    0.653848E-01    0.725119E-01    0.799857E-01    0.877860E-01    0.182083E+00    0.315879E+00    0.492925E+00    0.731069E+00    0.105505E+01    0.150065E+01    0.214422E+01    0.317196E+01    0.166992E+02
    5889.0000    1990.8821  0.240033E-01    0.326329E-01    0.391840E-01    0.459606E-01    0.527280E-01    0.593625E-01    0.658597E-01    0.730515E-01    0.802632E-01    0.876498E-01    0.182450E+00    0.309712E+00    0.482971E+00    0.716826E+00    0.103552E+01    0.148154E+01    0.211825E+01    0.315747E+01    0.228622E+02
    6183.0000    2090.2741  0.237708E-01    0.325800E-01    0.399657E-01    0.461645E-01    0.529412E-01    0.592704E-01    0.659326E-01    0.731614E-01    0.802599E-01    0.876310E-01    0.179385E+00    0.309726E+00    0.480239E+00    0.712265E+00    0.102585E+01    0.146277E+01    0.209496E+01    0.311741E+01    0.219348E+02
    6477.0000    2189.6661  0.235192E-01    0.322060E-01    0.391552E-01    0.458472E-01    0.525631E-01    0.591125E-01    0.659022E-01    0.725414E-01    0.796905E-01    0.875130E-01    0.179276E+00    0.304215E+00    0.471639E+00    0.695095E+00    0.101042E+01    0.144199E+01    0.205913E+01    0.306455E+01    0.132429E+02
    6771.0000    2289.0581  0.247009E-01    0.331955E-01    0.402641E-01    0.471225E-01    0.536489E-01    0.601196E-01    0.666487E-01    0.735472E-01    0.804300E-01    0.875640E-01    0.176446E+00    0.300547E+00    0.463555E+00    0.686532E+00    0.992939E+00    0.141293E+01    0.201917E+01    0.299339E+01    0.799807E+01
    7065.0000    2388.4500  0.245932E-01    0.331668E-01    0.402372E-01    0.473523E-01    0.536773E-01    0.602979E-01    0.669630E-01    0.736132E-01    0.806971E-01    0.877121E-01    0.176528E+00    0.299891E+00    0.463001E+00    0.686839E+00    0.988974E+00    0.140997E+01    0.202737E+01    0.300601E+01    0.163316E+02
    7359.0000    2487.8420  0.245582E-01    0.330087E-01    0.403436E-01    0.470756E-01    0.533093E-01    0.599124E-01    0.665527E-01    0.732353E-01    0.801082E-01    0.872027E-01    0.175224E+00    0.295297E+00    0.456905E+00    0.675052E+00    0.977072E+00    0.139500E+01    0.200665E+01    0.299997E+01    0.237376E+02
    7653.0000    2587.2340  0.246064E-01    0.333888E-01    0.407232E-01    0.475149E-01    0.538669E-01    0.600211E-01    0.667515E-01    0.730747E-01    0.798959E-01    0.868020E-01    0.172974E+00    0.291626E+00    0.452554E+00    0.667607E+00    0.968687E+00    0.138317E+01    0.197970E+01    0.295623E+01    0.233139E+02
    7947.0000    2686.6260  0.253992E-01    0.336644E-01    0.408191E-01    0.478875E-01    0.544184E-01    0.612048E-01    0.678315E-01    0.739561E-01    0.806489E-01    0.877450E-01    0.171778E+00    0.290112E+00    0.446025E+00    0.658422E+00    0.951409E+00    0.135534E+01    0.195136E+01    0.291433E+01    0.151452E+02
    8241.0000    2786.0179  0.258833E-01    0.343333E-01    0.412329E-01    0.477217E-01    0.539713E-01    0.603667E-01    0.665200E-01    0.731983E-01    0.801123E-01    0.867702E-01    0.170175E+00    0.285873E+00    0.440862E+00    0.649289E+00    0.932257E+00    0.133084E+01    0.191482E+01    0.284645E+01    0.774572E+01
    8538.0000    2886.4241  0.257029E-01    0.346766E-01    0.416690E-01    0.482585E-01    0.549153E-01    0.611451E-01    0.675192E-01    0.739023E-01    0.806887E-01    0.878709E-01    0.169118E+00    0.285167E+00    0.437780E+00    0.645888E+00    0.929886E+00    0.133033E+01    0.191837E+01    0.287892E+01    0.153315E+02
    8832.0000    2985.8161  0.260868E-01    0.348885E-01    0.422981E-01    0.487010E-01    0.548108E-01    0.611527E-01    0.670993E-01    0.738363E-01    0.808213E-01    0.873041E-01    0.167985E+00    0.280892E+00    0.430496E+00    0.639534E+00    0.929315E+00    0.132673E+01    0.190758E+01    0.285478E+01    0.229965E+02
    9126.0000    3085.2081  0.261631E-01    0.346161E-01    0.418658E-01    0.484299E-01    0.553098E-01    0.617433E-01    0.679460E-01    0.741996E-01    0.806189E-01    0.872821E-01    0.166733E+00    0.278213E+00    0.429784E+00    0.631946E+00    0.911286E+00    0.130699E+01    0.188926E+01    0.282295E+01    0.224863E+02
    9420.0000    3184.6000  0.260646E-01    0.352747E-01    0.428042E-01    0.489635E-01    0.551522E-01    0.612220E-01    0.675153E-01    0.738626E-01    0.801317E-01    0.868651E-01    0.165802E+00    0.276917E+00    0.428989E+00    0.629004E+00    0.906986E+00    0.129891E+01    0.187396E+01    0.281333E+01    0.152280E+02
    9714.0000    3283.9920  0.268806E-01    0.353297E-01    0.426587E-01    0.496655E-01    0.556844E-01    0.620726E-01    0.681497E-01    0.743048E-01    0.804343E-01    0.868689E-01    0.164856E+00    0.273340E+00    0.418143E+00    0.613865E+00    0.883947E+00    0.126534E+01    0.182461E+01    0.272272E+01    0.734552E+01
   10008.0000    3383.3840  0.271438E-01    0.358169E-01    0.431118E-01    0.494044E-01    0.557075E-01    0.617034E-01    0.681109E-01    0.744320E-01    0.806463E-01    0.869872E-01    0.163584E+00    0.271648E+00    0.417381E+00    0.614686E+00    0.884441E+00    0.126824E+01    0.183946E+01    0.277868E+01    0.120814E+02
   10302.0000    3482.7760  0.268800E-01    0.360142E-01    0.427859E-01    0.497341E-01    0.559512E-01    0.617954E-01    0.680558E-01    0.742032E-01    0.804696E-01    0.869038E-01    0.162420E+00    0.269180E+00    0.412168E+00    0.607374E+00    0.874916E+00    0.124930E+01    0.181700E+01    0.275846E+01    0.199471E+02
   10596.0000    3582.1680  0.266411E-01    0.355771E-01    0.432168E-01    0.501282E-01    0.558445E-01    0.615962E-01    0.676394E-01    0.734529E-01    0.794818E-01    0.857408E-01    0.161469E+00    0.267604E+00    0.409183E+00    0.599244E+00    0.865575E+00    0.123861E+01    0.179091E+01    0.270444E+01    0.202618E+02
   10890.0000    3681.5599  0.268964E-01    0.359339E-01    0.429728E-01    0.495905E-01    0.555110E-01    0.613714E-01    0.677471E-01    0.738616E-01    0.800240E-01    0.862487E-01    0.160786E+00    0.265059E+00    0.403768E+00    0.594990E+00    0.853934E+00    0.122505E+01    0.178058E+01    0.268571E+01    0.169040E+02
   11187.0000    3781.9661  0.270258E-01    0.363639E-01    0.435831E-01    0.500685E-01    0.561537E-01    0.619982E-01    0.677243E-01    0.732988E-01    0.792223E-01    0.856122E-01    0.159835E+00    0.262141E+00    0.401473E+00    0.587699E+00    0.844091E+00    0.121247E+01    0.175129E+01    0.264595E+01    0.857142E+01
   11481.0000    3881.3581  0.273518E-01    0.361179E-01    0.434213E-01    0.498042E-01    0.558200E-01    0.613861E-01    0.673241E-01    0.730838E-01    0.793399E-01    0.857112E-01    0.158358E+00    0.258152E+00    0.395425E+00    0.582293E+00    0.836864E+00    0.119626E+01    0.173164E+01    0.259639E+01    0.882971E+01
   11775.0000    3980.7501  0.278866E-01    0.365705E-01    0.436142E-01    0.499792E-01    0.559023E-01    0.619677E-01    0.676274E-01    0.734185E-01    0.795801E-01    0.859240E-01    0.158644E+00    0.259590E+00    0.393995E+00    0.574846E+00    0.829237E+00    0.119286E+01    0.171863E+01    0.261008E+01    0.163978E+02
   12069.0000    4080.1420  0.276521E-01    0.363669E-01    0.437414E-01    0.502496E-01    0.565559E-01    0.624586E-01    0.681552E-01    0.738687E-01    0.800358E-01    0.858772E-01    0.157261E+00    0.255594E+00    0.390549E+00    0.574318E+00    0.823213E+00    0.118469E+01    0.171800E+01    0.259485E+01    0.206944E+02
   12363.0000    4179.5340  0.278080E-01    0.373369E-01    0.441859E-01    0.505341E-01    0.566388E-01    0.626443E-01    0.681847E-01    0.740449E-01    0.794552E-01    0.850831E-01    0.156150E+00    0.254471E+00    0.388513E+00    0.569739E+00    0.820317E+00    0.117771E+01    0.170697E+01    0.259366E+01    0.201704E+02
   12657.0000    4278.9260  0.274453E-01    0.367293E-01    0.437491E-01    0.504768E-01    0.565874E-01    0.627113E-01    0.682937E-01    0.741287E-01    0.800364E-01    0.859259E-01    0.155180E+00    0.253032E+00    0.385568E+00    0.565068E+00    0.811325E+00    0.116326E+01    0.169353E+01    0.256756E+01    0.121956E+02
   12951.0000    4378.3180  0.279486E-01    0.367766E-01    0.440211E-01    0.505044E-01    0.564580E-01    0.623226E-01    0.680982E-01    0.737108E-01    0.795969E-01    0.854313E-01    0.154038E+00    0.250695E+00    0.379443E+00    0.555134E+00    0.793974E+00    0.114663E+01    0.166440E+01    0.252642E+01    0.734395E+01
   13245.0000    4477.7099  0.280609E-01    0.369838E-01    0.443093E-01    0.506290E-01    0.565263E-01    0.624348E-01    0.681154E-01    0.735742E-01    0.794338E-01    0.855211E-01    0.154325E+00    0.249767E+00    0.381140E+00    0.557575E+00    0.801770E+00    0.114747E+01    0.168058E+01    0.255341E+01    0.150287E+02
   13539.0000    4577.1019  0.276264E-01    0.364697E-01    0.437254E-01    0.502934E-01    0.564585E-01    0.623266E-01    0.678666E-01    0.735063E-01    0.793289E-01    0.851369E-01    0.153368E+00    0.248522E+00    0.376000E+00    0.551318E+00    0.793083E+00    0.114567E+01    0.166488E+01    0.252745E+01    0.223947E+02
   13836.0000    4677.5081  0.282968E-01    0.370619E-01    0.442399E-01    0.508633E-01    0.568882E-01    0.626002E-01    0.679276E-01    0.735762E-01    0.794931E-01    0.852183E-01    0.153154E+00    0.246712E+00    0.373480E+00    0.547112E+00    0.782619E+00    0.112433E+01    0.164672E+01    0.251126E+01    0.221710E+02
   14130.0000    4776.9001  0.272422E-01    0.361601E-01    0.433844E-01    0.500045E-01    0.559331E-01    0.615038E-01    0.669513E-01    0.726520E-01    0.784060E-01    0.838825E-01    0.151116E+00    0.245927E+00    0.372921E+00    0.545793E+00    0.781982E+00    0.112140E+01    0.163084E+01    0.249319E+01    0.142881E+02
   14424.0000    4876.2920  0.279507E-01    0.369929E-01    0.443195E-01    0.506558E-01    0.567413E-01    0.625802E-01    0.681095E-01    0.738739E-01    0.795786E-01    0.851671E-01    0.151332E+00    0.243980E+00    0.366634E+00    0.532610E+00    0.764874E+00    0.109809E+01    0.160196E+01    0.244945E+01    0.754567E+01
   14718.0000    4975.6840  0.280262E-01    0.375559E-01    0.446729E-01    0.512770E-01    0.571484E-01    0.629162E-01    0.681835E-01    0.736251E-01    0.790015E-01    0.845720E-01    0.151317E+00    0.242073E+00    0.365776E+00    0.535983E+00    0.768004E+00    0.110434E+01    0.160744E+01    0.246272E+01    0.147354E+02
   15012.0000    5075.0760  0.289952E-01    0.373064E-01    0.444382E-01    0.506880E-01    0.569459E-01    0.628477E-01    0.687334E-01    0.746845E-01    0.805696E-01    0.859135E-01    0.150674E+00    0.240392E+00    0.366039E+00    0.533190E+00    0.766228E+00    0.109972E+01    0.160230E+01    0.246226E+01    0.224406E+02
   15306.0000    5174.4680  0.282241E-01    0.372981E-01    0.444064E-01    0.506274E-01    0.567991E-01    0.624290E-01    0.679099E-01    0.732549E-01    0.787503E-01    0.844004E-01    0.150032E+00    0.238739E+00    0.359991E+00    0.528429E+00    0.762067E+00    0.108929E+01    0.159000E+01    0.243541E+01    0.225178E+02
   15600.0000    5273.8600  0.284715E-01    0.378856E-01    0.451094E-01    0.515962E-01    0.573032E-01    0.628943E-01    0.682902E-01    0.736985E-01    0.792780E-01    0.848399E-01    0.148614E+00    0.238572E+00    0.359817E+00    0.527418E+00    0.756278E+00    0.108567E+01    0.158576E+01    0.241106E+01    0.152263E+02
   15894.0000    5373.2519  0.288000E-01    0.376529E-01    0.453102E-01    0.512947E-01    0.570302E-01    0.626875E-01    0.684835E-01    0.737920E-01    0.791897E-01    0.847520E-01    0.148034E+00    0.235938E+00    0.356986E+00    0.517810E+00    0.743302E+00    0.107077E+01    0.155433E+01    0.238549E+01    0.744210E+01
   16188.0000    5472.6439  0.286071E-01    0.376198E-01    0.451133E-01    0.516820E-01    0.573706E-01    0.628329E-01    0.682549E-01    0.742451E-01    0.796325E-01    0.849916E-01    0.148577E+00    0.235551E+00    0.354528E+00    0.516856E+00    0.741327E+00    0.106887E+01    0.155686E+01    0.238142E+01    0.122712E+02
   16482.0000    5572.0359  0.292333E-01    0.384816E-01    0.455347E-01    0.517417E-01    0.573342E-01    0.628829E-01    0.685638E-01    0.737706E-01    0.791209E-01    0.844937E-01    0.147300E+00    0.234429E+00    0.354295E+00    0.516881E+00    0.737340E+00    0.106298E+01    0.155201E+01    0.238004E+01    0.202475E+02
   16779.0000    5672.4421  0.291519E-01    0.383299E-01    0.451703E-01    0.511924E-01    0.570526E-01    0.623578E-01    0.676927E-01    0.727158E-01    0.782570E-01    0.837086E-01    0.146291E+00    0.232611E+00    0.350272E+00    0.512114E+00    0.730736E+00    0.105408E+01    0.154071E+01    0.236260E+01    0.208623E+02
   17073.0000    5771.8340  0.287104E-01    0.377833E-01    0.448938E-01    0.515599E-01    0.573375E-01    0.629487E-01    0.683876E-01    0.737966E-01    0.790943E-01    0.844539E-01    0.147261E+00    0.232294E+00    0.349487E+00    0.506487E+00    0.726450E+00    0.104042E+01    0.151209E+01    0.231915E+01    0.150430E+02
   17367.0000    5871.2260  0.288462E-01    0.377495E-01    0.447609E-01    0.514086E-01    0.570635E-01    0.623551E-01    0.679509E-01    0.736107E-01    0.789700E-01    0.841112E-01    0.146099E+00    0.229688E+00    0.345206E+00    0.501961E+00    0.720181E+00    0.103497E+01    0.150584E+01    0.229375E+01    0.774347E+01
   17661.0000    5970.6180  0.283727E-01    0.373226E-01    0.443416E-01    0.507641E-01    0.569026E-01    0.625411E-01    0.679367E-01    0.733371E-01    0.783413E-01    0.834859E-01    0.144791E+00    0.228503E+00    0.343551E+00    0.500746E+00    0.717291E+00    0.103694E+01    0.151718E+01    0.233809E+01    0.931358E+01
   17955.0000    6070.0100  0.290702E-01    0.377873E-01    0.447667E-01    0.509960E-01    0.570530E-01    0.625100E-01    0.682231E-01    0.737397E-01    0.790724E-01    0.848156E-01    0.144613E+00    0.226378E+00    0.340968E+00    0.497650E+00    0.714502E+00    0.103417E+01    0.151056E+01    0.232386E+01    0.170009E+02
   18249.0000    6169.4019  0.290598E-01    0.382245E-01    0.448083E-01    0.513105E-01    0.569973E-01    0.625782E-01    0.681012E-01    0.737622E-01    0.789962E-01    0.845563E-01    0.143917E+00    0.226988E+00    0.343127E+00    0.496709E+00    0.710631E+00    0.102315E+01    0.149673E+01    0.230120E+01    0.187701E+02
   18543.0000    6268.7939  0.286760E-01    0.377559E-01    0.448700E-01    0.508298E-01    0.565795E-01    0.621598E-01    0.673923E-01    0.725545E-01    0.778008E-01    0.830874E-01    0.142938E+00    0.225415E+00    0.338637E+00    0.492863E+00    0.705911E+00    0.101286E+01    0.148470E+01    0.229042E+01    0.185289E+02
   18837.0000    6368.1859  0.287185E-01    0.376625E-01    0.444781E-01    0.510798E-01    0.571583E-01    0.625682E-01    0.681435E-01    0.728973E-01    0.781826E-01    0.835168E-01    0.142777E+00    0.225226E+00    0.337728E+00    0.488849E+00    0.699685E+00    0.100245E+01    0.147209E+01    0.227922E+01    0.111884E+02
   19131.0000    6467.5779  0.285083E-01    0.376788E-01    0.448734E-01    0.508425E-01    0.564135E-01    0.618888E-01    0.673871E-01    0.722672E-01    0.776802E-01    0.826657E-01    0.142656E+00    0.223037E+00    0.334611E+00    0.485456E+00    0.694917E+00    0.998420E+00    0.146413E+01    0.225536E+01    0.688158E+01
   19428.0000    6567.9840  0.289590E-01    0.380886E-01    0.452552E-01    0.515624E-01    0.572705E-01    0.626277E-01    0.677454E-01    0.729760E-01    0.780677E-01    0.832024E-01    0.142603E+00    0.223850E+00    0.333938E+00    0.482857E+00    0.691262E+00    0.995269E+00    0.146384E+01    0.225374E+01    0.145021E+02
   19722.0000    6667.3760  0.289856E-01    0.378904E-01    0.449987E-01    0.514044E-01    0.570193E-01    0.621845E-01    0.674114E-01    0.728708E-01    0.778287E-01    0.831051E-01    0.141767E+00    0.221782E+00    0.331616E+00    0.481621E+00    0.688541E+00    0.985797E+00    0.145016E+01    0.225507E+01    0.209551E+02
   20016.0000    6766.7680  0.288994E-01    0.378664E-01    0.451002E-01    0.513639E-01    0.569322E-01    0.624713E-01    0.678375E-01    0.728484E-01    0.781832E-01    0.830431E-01    0.142065E+00    0.221131E+00    0.332921E+00    0.481637E+00    0.686636E+00    0.987514E+00    0.145010E+01    0.224703E+01    0.211718E+02
   20310.0000    6866.1600  0.289269E-01    0.375130E-01    0.445716E-01    0.508691E-01    0.564844E-01    0.621349E-01    0.675068E-01    0.726546E-01    0.780250E-01    0.831293E-01    0.141023E+00    0.218846E+00    0.327881E+00    0.478665E+00    0.682924E+00    0.982360E+00    0.144214E+01    0.221245E+01    0.137973E+02
   20604.0000    6965.5520  0.288341E-01    0.374470E-01    0.443700E-01    0.511025E-01    0.565042E-01    0.618110E-01    0.672277E-01    0.727165E-01    0.778337E-01    0.828240E-01    0.140032E+00    0.218535E+00    0.326433E+00    0.473806E+00    0.677861E+00    0.972370E+00    0.142497E+01    0.219687E+01    0.719781E+01
   20898.0000    7064.9439  0.283771E-01    0.377439E-01    0.445716E-01    0.503582E-01    0.565516E-01    0.621035E-01    0.671446E-01    0.723972E-01    0.778056E-01    0.829918E-01    0.140045E+00    0.216643E+00    0.324078E+00    0.472357E+00    0.677563E+00    0.970163E+00    0.142007E+01    0.220639E+01    0.140653E+02
   21192.0000    7164.3359  0.292342E-01    0.375168E-01    0.446380E-01    0.508926E-01    0.565360E-01    0.620814E-01    0.672560E-01    0.725709E-01    0.775306E-01    0.826830E-01    0.140266E+00    0.217525E+00    0.325051E+00    0.471890E+00    0.675019E+00    0.968527E+00    0.142018E+01    0.221360E+01    0.217474E+02
   21486.0000    7263.7279  0.288047E-01    0.378036E-01    0.446075E-01    0.507477E-01    0.564186E-01    0.616907E-01    0.666895E-01    0.715662E-01    0.765761E-01    0.816350E-01    0.139036E+00    0.214660E+00    0.320504E+00    0.464532E+00    0.669648E+00    0.960158E+00    0.141156E+01    0.221264E+01    0.223597E+02
   21780.0000    7363.1199  0.289767E-01    0.379009E-01    0.450073E-01    0.509745E-01    0.566884E-01    0.623801E-01    0.674811E-01    0.727273E-01    0.779361E-01    0.829134E-01    0.139475E+00    0.214894E+00    0.320613E+00    0.463577E+00    0.665198E+00    0.957825E+00    0.140504E+01    0.217536E+01    0.154498E+02
   22074.0000    7462.5118  0.293160E-01    0.383030E-01    0.452278E-01    0.515208E-01    0.572450E-01    0.624526E-01    0.672702E-01    0.725451E-01    0.779037E-01    0.830919E-01    0.138736E+00    0.215619E+00    0.318467E+00    0.461920E+00    0.658442E+00    0.946544E+00    0.138272E+01    0.215596E+01    0.749339E+01
   22371.0000    7562.9180  0.282901E-01    0.375883E-01    0.448144E-01    0.509565E-01    0.562683E-01    0.619854E-01    0.672021E-01    0.723644E-01    0.773968E-01    0.826589E-01    0.137883E+00    0.213131E+00    0.317871E+00    0.461143E+00    0.658292E+00    0.943169E+00    0.138726E+01    0.216494E+01    0.129389E+02
   22665.0000    7662.3100  0.286521E-01    0.378678E-01    0.447160E-01    0.511194E-01    0.568461E-01    0.621574E-01    0.673876E-01    0.722305E-01    0.772351E-01    0.822212E-01    0.137683E+00    0.212881E+00    0.317437E+00    0.457934E+00    0.654846E+00    0.940217E+00    0.138153E+01    0.216174E+01    0.207284E+02
   22959.0000    7761.7020  0.286400E-01    0.376540E-01    0.446560E-01    0.509526E-01    0.565971E-01    0.620681E-01    0.671423E-01    0.720342E-01    0.768877E-01    0.818879E-01    0.137455E+00    0.212107E+00    0.314812E+00    0.457976E+00    0.653389E+00    0.933042E+00    0.138027E+01    0.214469E+01    0.213059E+02
   23253.0000    7861.0939  0.290392E-01    0.382188E-01    0.452028E-01    0.511079E-01    0.568979E-01    0.624939E-01    0.677842E-01    0.726769E-01    0.774919E-01    0.824798E-01    0.136753E+00    0.211595E+00    0.312420E+00    0.452918E+00    0.648939E+00    0.930667E+00    0.136517E+01    0.213469E+01    0.152806E+02
   23547.0000    7960.4859  0.292539E-01    0.380866E-01    0.448454E-01    0.510298E-01    0.566150E-01    0.620448E-01    0.672516E-01    0.721636E-01    0.772086E-01    0.821325E-01    0.137068E+00    0.210171E+00    0.311302E+00    0.450263E+00    0.644452E+00    0.921215E+00    0.134716E+01    0.208673E+01    0.749503E+01
   23664.0000    8000.0399  0.285490E-01    0.371873E-01    0.446638E-01    0.506966E-01    0.561069E-01    0.612396E-01    0.665090E-01    0.716623E-01    0.765923E-01    0.815883E-01    0.136719E+00    0.209578E+00    0.311135E+00    0.450074E+00    0.643946E+00    0.925854E+00    0.136141E+01    0.211375E+01    0.180870E+02
