0.0000       0.0000  0.382682E-01    0.524352E-01    0.641579E-01    0.760416E-01    0.881006E-01    0.999783E-01    0.112324E+00    0.124727E+00    0.137778E+00    0.151177E+00    0.306267E+00    0.497299E+00    0.728957E+00    0.100006E+01    0.134377E+01    0.181185E+01    0.252323E+01    0.390221E+01    0.872354E+01
     297.0000     100.4062  0.168154E-01    0.233684E-01    0.289415E-01    0.343657E-01    0.403485E-01    0.465363E-01    0.534082E-01    0.614380E-01    0.695388E-01    0.782218E-01    0.184584E+00    0.330762E+00    0.523331E+00    0.775197E+00    0.112241E+01    0.161392E+01    0.236721E+01    0.383422E+01    0.147972E+02
     591.0000     199.7982  0.176417E-01    0.243018E-01    0.302966E-01    0.360911E-01    0.423457E-01    0.494153E-01    0.570870E-01    0.649633E-01    0.731838E-01    0.819887E-01    0.204040E+00    0.364386E+00    0.572445E+00    0.840103E+00    0.120361E+01    0.171104E+01    0.247301E+01    0.387212E+01    0.889970E+01
     885.0000     299.1901  0.179822E-01    0.245693E-01    0.308867E-01    0.367134E-01    0.433573E-01    0.508191E-01    0.585396E-01    0.669020E-01    0.758573E-01    0.851886E-01    0.211797E+00    0.385810E+00    0.613734E+00    0.905210E+00    0.130268E+01    0.185492E+01    0.269284E+01    0.426772E+01    0.182470E+02
    1179.0000     398.5821  0.186624E-01    0.253449E-01    0.316778E-01    0.378907E-01    0.445462E-01    0.517618E-01    0.594385E-01    0.676551E-01    0.770437E-01    0.871303E-01    0.215405E+00    0.393427E+00    0.625457E+00    0.924629E+00    0.133101E+01    0.189487E+01    0.274474E+01    0.426449E+01    0.259488E+02
    1473.0000     497.9741  0.189883E-01    0.260199E-01    0.323171E-01    0.386026E-01    0.453045E-01    0.520734E-01    0.596028E-01    0.678415E-01    0.767606E-01    0.865585E-01    0.215433E+00    0.391641E+00    0.621732E+00    0.920435E+00    0.132273E+01    0.186932E+01    0.269587E+01    0.413412E+01    0.246483E+02
    1767.0000     597.3661  0.195213E-01    0.260158E-01    0.319331E-01    0.382102E-01    0.443714E-01    0.514008E-01    0.587687E-01    0.669020E-01    0.756213E-01    0.855527E-01    0.213873E+00    0.387500E+00    0.614659E+00    0.909607E+00    0.130195E+01    0.184521E+01    0.264180E+01    0.399312E+01    0.157409E+02
    2061.0000     696.7580  0.194046E-01    0.263485E-01    0.326414E-01    0.390267E-01    0.455810E-01    0.519731E-01    0.593814E-01    0.674032E-01    0.759956E-01    0.857583E-01    0.208402E+00    0.378070E+00    0.599134E+00    0.889812E+00    0.127339E+01    0.179487E+01    0.255143E+01    0.380309E+01    0.794785E+01
    2355.0000     796.1500  0.197028E-01    0.269532E-01    0.334443E-01    0.398987E-01    0.463994E-01    0.533383E-01    0.606556E-01    0.681966E-01    0.767008E-01    0.857253E-01    0.209623E+00    0.377953E+00    0.603609E+00    0.890952E+00    0.126982E+01    0.179441E+01    0.257574E+01    0.392348E+01    0.151936E+02
    2649.0000     895.5420  0.200402E-01    0.272705E-01    0.334280E-01    0.394409E-01    0.458714E-01    0.529601E-01    0.602829E-01    0.681250E-01    0.764821E-01    0.853250E-01    0.204434E+00    0.373689E+00    0.592749E+00    0.880216E+00    0.125895E+01    0.177473E+01    0.253418E+01    0.381390E+01    0.231385E+02
    2946.0000     995.9482  0.203202E-01    0.276681E-01    0.340762E-01    0.403779E-01    0.465469E-01    0.533345E-01    0.608819E-01    0.682766E-01    0.762016E-01    0.846696E-01    0.200403E+00    0.363016E+00    0.580956E+00    0.861594E+00    0.123918E+01    0.174246E+01    0.248173E+01    0.371942E+01    0.225891E+02
    3240.0000    1095.3401  0.204558E-01    0.275788E-01    0.340048E-01    0.401558E-01    0.466691E-01    0.532631E-01    0.602691E-01    0.672464E-01    0.750158E-01    0.834053E-01    0.199032E+00    0.356877E+00    0.568134E+00    0.847040E+00    0.120577E+01    0.169520E+01    0.240185E+01    0.354127E+01    0.153271E+02
    3534.0000    1194.7321  0.202173E-01    0.274916E-01    0.340659E-01    0.402301E-01    0.461901E-01    0.528999E-01    0.596094E-01    0.669586E-01    0.746277E-01    0.826391E-01    0.194009E+00    0.346509E+00    0.548737E+00    0.813770E+00    0.115960E+01    0.163040E+01    0.228720E+01    0.333346E+01    0.744585E+01
    3828.0000    1294.1241  0.202828E-01    0.275768E-01    0.336581E-01    0.397798E-01    0.461950E-01    0.527159E-01    0.596938E-01    0.668327E-01    0.747675E-01    0.831567E-01    0.194261E+00    0.347785E+00    0.553462E+00    0.826685E+00    0.118014E+01    0.166494E+01    0.237248E+01    0.353416E+01    0.117378E+02
    4122.0000    1393.5161  0.205523E-01    0.281487E-01    0.345962E-01    0.404167E-01    0.464926E-01    0.529167E-01    0.595398E-01    0.662325E-01    0.740941E-01    0.823753E-01    0.192285E+00    0.345287E+00    0.544812E+00    0.811183E+00    0.116038E+01    0.163929E+01    0.233982E+01    0.348258E+01    0.194361E+02
    4416.0000    1492.9080  0.208107E-01    0.279727E-01    0.343502E-01    0.405272E-01    0.463483E-01    0.527867E-01    0.594087E-01    0.662593E-01    0.740843E-01    0.816198E-01    0.188925E+00    0.336842E+00    0.532538E+00    0.791907E+00    0.113833E+01    0.160335E+01    0.227579E+01    0.336056E+01    0.204205E+02
    4710.0000    1592.3000  0.209896E-01    0.282544E-01    0.347690E-01    0.407692E-01    0.470512E-01    0.534387E-01    0.597144E-01    0.666725E-01    0.740056E-01    0.818046E-01    0.185051E+00    0.333114E+00    0.527430E+00    0.784963E+00    0.112506E+01    0.158426E+01    0.224788E+01    0.333238E+01    0.187866E+02
    5004.0000    1691.6920  0.209835E-01    0.284645E-01    0.348030E-01    0.405615E-01    0.464404E-01    0.527277E-01    0.593455E-01    0.662782E-01    0.734443E-01    0.809998E-01    0.184935E+00    0.327911E+00    0.517028E+00    0.770918E+00    0.110200E+01    0.155467E+01    0.219284E+01    0.324436E+01    0.102973E+02
    5298.0000    1791.0840  0.217427E-01    0.287147E-01    0.348444E-01    0.411276E-01    0.466772E-01    0.530315E-01    0.592099E-01    0.656203E-01    0.726017E-01    0.803996E-01    0.181050E+00    0.320819E+00    0.507021E+00    0.754588E+00    0.107817E+01    0.151958E+01    0.214870E+01    0.315399E+01    0.809895E+01
    5595.0000    1891.4902  0.217507E-01    0.293073E-01    0.359035E-01    0.421512E-01    0.477768E-01    0.536066E-01    0.599372E-01    0.667184E-01    0.738942E-01    0.809092E-01    0.179974E+00    0.320980E+00    0.505120E+00    0.751878E+00    0.107261E+01    0.151663E+01    0.215155E+01    0.318478E+01    0.163782E+02
    5889.0000    1990.8821  0.223582E-01    0.296496E-01    0.359931E-01    0.420435E-01    0.479733E-01    0.537974E-01    0.597492E-01    0.665498E-01    0.737500E-01    0.805820E-01    0.179154E+00    0.317236E+00    0.499243E+00    0.740385E+00    0.106166E+01    0.149791E+01    0.214023E+01    0.317873E+01    0.224209E+02
    6183.0000    2090.2741  0.226875E-01    0.302944E-01    0.361724E-01    0.421600E-01    0.483045E-01    0.544573E-01    0.606537E-01    0.667208E-01    0.736068E-01    0.807629E-01    0.176629E+00    0.313334E+00    0.489098E+00    0.728229E+00    0.104704E+01    0.147283E+01    0.209960E+01    0.309951E+01    0.214921E+02
    6477.0000    2189.6661  0.225125E-01    0.300024E-01    0.362927E-01    0.419794E-01    0.477017E-01    0.535242E-01    0.598272E-01    0.661693E-01    0.728613E-01    0.800152E-01    0.172818E+00    0.305742E+00    0.480360E+00    0.712316E+00    0.102703E+01    0.145753E+01    0.206217E+01    0.304062E+01    0.129863E+02
    6771.0000    2289.0581  0.231130E-01    0.307618E-01    0.371340E-01    0.428563E-01    0.487783E-01    0.543858E-01    0.604903E-01    0.668266E-01    0.732445E-01    0.802182E-01    0.172285E+00    0.302659E+00    0.476276E+00    0.703135E+00    0.101051E+01    0.143428E+01    0.202033E+01    0.297452E+01    0.784522E+01
    7065.0000    2388.4500  0.224211E-01    0.306442E-01    0.368389E-01    0.428231E-01    0.484532E-01    0.544479E-01    0.602725E-01    0.662924E-01    0.726840E-01    0.795782E-01    0.170789E+00    0.301572E+00    0.471896E+00    0.700271E+00    0.101284E+01    0.143188E+01    0.203324E+01    0.300086E+01    0.160885E+02
    7359.0000    2487.8420  0.229265E-01    0.303302E-01    0.365521E-01    0.425023E-01    0.483870E-01    0.546376E-01    0.605858E-01    0.667422E-01    0.730325E-01    0.800856E-01    0.169620E+00    0.299314E+00    0.468813E+00    0.692175E+00    0.996722E+00    0.140939E+01    0.199594E+01    0.296930E+01    0.233967E+02
