    9500.0000    3772.7922  0.434351E-01    0.687966E-01    0.900976E-01    0.106874E+00    0.123107E+00    0.138502E+00    0.153992E+00    0.168901E+00    0.183009E+00    0.198444E+00    0.347621E+00    0.524779E+00    0.737490E+00    0.994306E+00    0.132747E+01    0.178974E+01    0.250068E+01    0.391876E+01    0.104732E+02
   24173.2753    9600.0783  0.659504E-01    0.879402E-01    0.105781E+00    0.122194E+00    0.137484E+00    0.151953E+00    0.166028E+00    0.179400E+00    0.192517E+00    0.206609E+00    0.350117E+00    0.518923E+00    0.719081E+00    0.972304E+00    0.129423E+01    0.174074E+01    0.242189E+01    0.381841E+01    0.231476E+02
   24425.2753    9700.1566  0.659739E-01    0.876361E-01    0.105704E+00    0.121313E+00    0.135792E+00    0.149440E+00    0.162863E+00    0.175839E+00    0.189288E+00    0.202048E+00    0.340924E+00    0.502257E+00    0.694578E+00    0.933854E+00    0.123545E+01    0.165665E+01    0.228436E+01    0.349080E+01    0.206789E+02
   24674.2753    9799.0434  0.665679E-01    0.899364E-01    0.107937E+00    0.123529E+00    0.137897E+00    0.151296E+00    0.164020E+00    0.177309E+00    0.190211E+00    0.202693E+00    0.338004E+00    0.496329E+00    0.686951E+00    0.920732E+00    0.121243E+01    0.160100E+01    0.218471E+01    0.325897E+01    0.191385E+02
   24926.2753    9899.1217  0.678648E-01    0.893070E-01    0.106818E+00    0.122425E+00    0.136428E+00    0.150100E+00    0.163040E+00    0.175363E+00    0.187384E+00    0.200488E+00    0.333913E+00    0.490945E+00    0.675898E+00    0.906308E+00    0.119921E+01    0.158832E+01    0.216498E+01    0.320396E+01    0.218057E+02
   25175.2753    9998.0086  0.679053E-01    0.891629E-01    0.105800E+00    0.120444E+00    0.133601E+00    0.147076E+00    0.159640E+00    0.171956E+00    0.184384E+00    0.196603E+00    0.330481E+00    0.485035E+00    0.670060E+00    0.902192E+00    0.119321E+01    0.157776E+01    0.213476E+01    0.314542E+01    0.221782E+02
   25427.2753   10098.0868  0.660165E-01    0.880248E-01    0.104947E+00    0.119461E+00    0.133383E+00    0.145908E+00    0.158851E+00    0.171742E+00    0.185071E+00    0.198140E+00    0.330281E+00    0.483534E+00    0.665889E+00    0.891533E+00    0.117618E+01    0.155800E+01    0.210458E+01    0.309336E+01    0.200962E+02
   25676.2753   10196.9737  0.665106E-01    0.873840E-01    0.104183E+00    0.119104E+00    0.133333E+00    0.145740E+00    0.158002E+00    0.170039E+00    0.182530E+00    0.195041E+00    0.324598E+00    0.474721E+00    0.654148E+00    0.875224E+00    0.115313E+01    0.153160E+01    0.205832E+01    0.298781E+01    0.181824E+02
   25928.2753   10297.0520  0.674258E-01    0.888488E-01    0.105286E+00    0.120090E+00    0.133104E+00    0.146430E+00    0.158607E+00    0.171234E+00    0.183176E+00    0.194996E+00    0.321401E+00    0.472709E+00    0.656214E+00    0.876849E+00    0.115113E+01    0.151594E+01    0.204323E+01    0.297475E+01    0.208425E+02
   26177.2753   10395.9389  0.657843E-01    0.878268E-01    0.105270E+00    0.119472E+00    0.132680E+00    0.145901E+00    0.157931E+00    0.170187E+00    0.183209E+00    0.196288E+00    0.322985E+00    0.472611E+00    0.653269E+00    0.871595E+00    0.114430E+01    0.150675E+01    0.202980E+01    0.294858E+01    0.213476E+02
   26429.2753   10496.0171  0.672124E-01    0.886353E-01    0.105534E+00    0.120125E+00    0.132984E+00    0.145944E+00    0.158151E+00    0.170396E+00    0.182607E+00    0.194438E+00    0.317451E+00    0.465706E+00    0.645160E+00    0.867616E+00    0.114306E+01    0.150417E+01    0.202177E+01    0.291356E+01    0.194919E+02
   26678.2753   10594.9040  0.659384E-01    0.873606E-01    0.104202E+00    0.118748E+00    0.131241E+00    0.144834E+00    0.156787E+00    0.169125E+00    0.180971E+00    0.193117E+00    0.319015E+00    0.466011E+00    0.641704E+00    0.858773E+00    0.112499E+01    0.148594E+01    0.198721E+01    0.284716E+01    0.172622E+02
   26930.2753   10694.9823  0.658857E-01    0.878306E-01    0.102987E+00    0.117690E+00    0.131765E+00    0.143487E+00    0.156176E+00    0.168188E+00    0.179227E+00    0.191188E+00    0.314901E+00    0.458215E+00    0.634843E+00    0.849858E+00    0.112330E+01    0.148085E+01    0.198512E+01    0.284912E+01    0.198805E+02
   27179.2753   10793.8691  0.664120E-01    0.874283E-01    0.103617E+00    0.117740E+00    0.131230E+00    0.144874E+00    0.156684E+00    0.168651E+00    0.180936E+00    0.191914E+00    0.314376E+00    0.456888E+00    0.632736E+00    0.846709E+00    0.111464E+01    0.146865E+01    0.197366E+01    0.282758E+01    0.204387E+02
   27431.2753   10893.9474  0.636331E-01    0.847889E-01    0.101652E+00    0.116422E+00    0.129455E+00    0.142292E+00    0.154224E+00    0.166622E+00    0.178632E+00    0.190915E+00    0.311580E+00    0.455462E+00    0.632027E+00    0.844172E+00    0.111281E+01    0.146260E+01    0.195874E+01    0.281482E+01    0.188917E+02
   27680.2753   10992.8343  0.674789E-01    0.883557E-01    0.104543E+00    0.118768E+00    0.132262E+00    0.145663E+00    0.158411E+00    0.170022E+00    0.181465E+00    0.193321E+00    0.312206E+00    0.452544E+00    0.625828E+00    0.840371E+00    0.110678E+01    0.145116E+01    0.194059E+01    0.275804E+01    0.164218E+02
   27932.2753   11092.9126  0.664581E-01    0.880602E-01    0.104659E+00    0.118856E+00    0.132319E+00    0.144524E+00    0.156023E+00    0.167586E+00    0.178453E+00    0.189272E+00    0.308874E+00    0.448516E+00    0.622173E+00    0.833626E+00    0.109515E+01    0.144376E+01    0.193088E+01    0.275933E+01    0.189482E+02
   28181.2753   11191.7994  0.660577E-01    0.867832E-01    0.103615E+00    0.117825E+00    0.131155E+00    0.143649E+00    0.155769E+00    0.168541E+00    0.179606E+00    0.190783E+00    0.308921E+00    0.451320E+00    0.621674E+00    0.832326E+00    0.109434E+01    0.143760E+01    0.192537E+01    0.275631E+01    0.195611E+02
   28433.2753   11291.8777  0.669575E-01    0.876336E-01    0.103492E+00    0.117493E+00    0.129993E+00    0.142254E+00    0.153892E+00    0.165526E+00    0.177346E+00    0.188804E+00    0.307774E+00    0.445547E+00    0.617785E+00    0.827953E+00    0.108438E+01    0.142563E+01    0.190890E+01    0.272185E+01    0.181376E+02
   28682.2753   11390.7646  0.665525E-01    0.872180E-01    0.103096E+00    0.116679E+00    0.129470E+00    0.141439E+00    0.153265E+00    0.165017E+00    0.175540E+00    0.187158E+00    0.304942E+00    0.442495E+00    0.612530E+00    0.820017E+00    0.107693E+01    0.141557E+01    0.189441E+01    0.269025E+01    0.156000E+02
   28934.2753   11490.8429  0.655462E-01    0.855257E-01    0.101792E+00    0.114994E+00    0.127814E+00    0.140229E+00    0.152227E+00    0.163573E+00    0.174763E+00    0.185668E+00    0.304685E+00    0.441367E+00    0.610650E+00    0.817768E+00    0.107323E+01    0.141060E+01    0.188519E+01    0.268565E+01    0.179178E+02
   29183.2753   11589.7297  0.644540E-01    0.848524E-01    0.101158E+00    0.114670E+00    0.127421E+00    0.139464E+00    0.151662E+00    0.162737E+00    0.173927E+00    0.184982E+00    0.301623E+00    0.439734E+00    0.605966E+00    0.813758E+00    0.106829E+01    0.141009E+01    0.188930E+01    0.268501E+01    0.186415E+02
   29435.2753   11689.8080  0.681853E-01    0.874809E-01    0.102764E+00    0.115941E+00    0.128203E+00    0.140188E+00    0.151394E+00    0.162723E+00    0.173998E+00    0.185248E+00    0.301772E+00    0.438538E+00    0.607484E+00    0.811182E+00    0.106816E+01    0.140316E+01    0.187780E+01    0.267476E+01    0.174712E+02
   29684.2753   11788.6949  0.659361E-01    0.859198E-01    0.101637E+00    0.114559E+00    0.126235E+00    0.138106E+00    0.150114E+00    0.162226E+00    0.173932E+00    0.185124E+00    0.298593E+00    0.432875E+00    0.599295E+00    0.805994E+00    0.105690E+01    0.138568E+01    0.185688E+01    0.262870E+01    0.147996E+02
   29936.2753   11888.7731  0.651494E-01    0.850420E-01    0.999538E-01    0.113828E+00    0.125633E+00    0.137891E+00    0.149229E+00    0.160193E+00    0.171474E+00    0.181643E+00    0.296998E+00    0.432719E+00    0.600235E+00    0.803289E+00    0.105573E+01    0.139480E+01    0.186116E+01    0.264230E+01    0.169846E+02
   30185.2753   11987.6600  0.645325E-01    0.850541E-01    0.100452E+00    0.115218E+00    0.127705E+00    0.139542E+00    0.150635E+00    0.161730E+00    0.172917E+00    0.183106E+00    0.297956E+00    0.434853E+00    0.600803E+00    0.806703E+00    0.105447E+01    0.138076E+01    0.185680E+01    0.263421E+01    0.177042E+02
   30437.2753   12087.7383  0.653383E-01    0.844640E-01    0.992666E-01    0.112784E+00    0.125364E+00    0.137101E+00    0.148350E+00    0.159766E+00    0.170385E+00    0.181390E+00    0.293606E+00    0.426793E+00    0.592354E+00    0.797070E+00    0.104756E+01    0.137685E+01    0.184165E+01    0.261686E+01    0.166707E+02
   30686.2753   12186.6252  0.653084E-01    0.864951E-01    0.102395E+00    0.115074E+00    0.127314E+00    0.138926E+00    0.149859E+00    0.160563E+00    0.171419E+00    0.182616E+00    0.295232E+00    0.426182E+00    0.587870E+00    0.787224E+00    0.103980E+01    0.136088E+01    0.181620E+01    0.256366E+01    0.139573E+02
   30938.2753   12286.7034  0.636727E-01    0.843001E-01    0.994134E-01    0.113661E+00    0.125324E+00    0.137691E+00    0.149451E+00    0.160487E+00    0.170830E+00    0.181642E+00    0.292231E+00    0.424127E+00    0.585936E+00    0.786142E+00    0.103682E+01    0.136689E+01    0.182289E+01    0.257339E+01    0.160474E+02
   31187.2753   12385.5903  0.655313E-01    0.848741E-01    0.999304E-01    0.113300E+00    0.125334E+00    0.136846E+00    0.148308E+00    0.159364E+00    0.169991E+00    0.181219E+00    0.292696E+00    0.425637E+00    0.585666E+00    0.783405E+00    0.103259E+01    0.136254E+01    0.181745E+01    0.258949E+01    0.166147E+02
   31439.2753   12485.6686  0.638799E-01    0.848997E-01    0.100144E+00    0.113921E+00    0.126815E+00    0.137527E+00    0.148719E+00    0.159370E+00    0.170109E+00    0.180448E+00    0.292618E+00    0.424160E+00    0.582805E+00    0.785441E+00    0.103446E+01    0.135887E+01    0.181216E+01    0.257708E+01    0.158631E+02
   31688.2753   12584.5554  0.648558E-01    0.848789E-01    0.100349E+00    0.113596E+00    0.125639E+00    0.136778E+00    0.147885E+00    0.158517E+00    0.168790E+00    0.179295E+00    0.288631E+00    0.420110E+00    0.577545E+00    0.775523E+00    0.101855E+01    0.133355E+01    0.178113E+01    0.252140E+01    0.131641E+02
   31940.2753   12684.6337  0.639525E-01    0.826740E-01    0.988437E-01    0.111977E+00    0.123981E+00    0.135636E+00    0.147081E+00    0.157344E+00    0.168493E+00    0.178846E+00    0.288982E+00    0.419723E+00    0.576561E+00    0.776136E+00    0.102150E+01    0.134708E+01    0.179105E+01    0.252263E+01    0.150460E+02
   32189.2753   12783.5206  0.631748E-01    0.839526E-01    0.991905E-01    0.112487E+00    0.124395E+00    0.135732E+00    0.146651E+00    0.157180E+00    0.167970E+00    0.178518E+00    0.287355E+00    0.417541E+00    0.576321E+00    0.771281E+00    0.101779E+01    0.134248E+01    0.179201E+01    0.253646E+01    0.157280E+02
   32441.2753   12883.5989  0.643426E-01    0.830684E-01    0.975364E-01    0.111452E+00    0.124262E+00    0.136183E+00    0.147222E+00    0.158355E+00    0.168861E+00    0.179107E+00    0.285671E+00    0.414231E+00    0.571530E+00    0.768623E+00    0.101434E+01    0.133649E+01    0.177958E+01    0.252922E+01    0.149632E+02
   32693.2753   12983.6771  0.646388E-01    0.832236E-01    0.982575E-01    0.111056E+00    0.122548E+00    0.134333E+00    0.145340E+00    0.155885E+00    0.165861E+00    0.176161E+00    0.283773E+00    0.411746E+00    0.570125E+00    0.764847E+00    0.100916E+01    0.131813E+01    0.175503E+01    0.246466E+01    0.129555E+02
   32942.2753   13082.5640  0.622393E-01    0.824013E-01    0.983584E-01    0.111487E+00    0.124220E+00    0.135074E+00    0.144878E+00    0.155732E+00    0.166233E+00    0.176105E+00    0.283752E+00    0.410219E+00    0.566298E+00    0.759243E+00    0.100060E+01    0.131827E+01    0.175761E+01    0.249145E+01    0.140271E+02
   33194.2753   13182.6423  0.637910E-01    0.833595E-01    0.979548E-01    0.110398E+00    0.122158E+00    0.133280E+00    0.143702E+00    0.154675E+00    0.164583E+00    0.175010E+00    0.281071E+00    0.406591E+00    0.564545E+00    0.759038E+00    0.100363E+01    0.132032E+01    0.176153E+01    0.249924E+01    0.152937E+02
   33443.2753   13281.5292  0.619562E-01    0.813017E-01    0.974985E-01    0.111300E+00    0.123531E+00    0.135271E+00    0.145939E+00    0.156212E+00    0.166748E+00    0.176657E+00    0.282396E+00    0.408194E+00    0.563304E+00    0.756283E+00    0.100097E+01    0.131801E+01    0.176283E+01    0.249673E+01    0.140828E+02
   33695.2753   13381.6074  0.619454E-01    0.823125E-01    0.977177E-01    0.110364E+00    0.122032E+00    0.132592E+00    0.143043E+00    0.153432E+00    0.163344E+00    0.173666E+00    0.280237E+00    0.407592E+00    0.561822E+00    0.750640E+00    0.993326E+00    0.130726E+01    0.173201E+01    0.242375E+01    0.120883E+02
   33944.2753   13480.4943  0.654613E-01    0.838503E-01    0.978351E-01    0.111160E+00    0.122472E+00    0.132848E+00    0.142998E+00    0.153642E+00    0.163607E+00    0.173896E+00    0.277704E+00    0.401943E+00    0.557552E+00    0.748364E+00    0.990216E+00    0.130565E+01    0.173937E+01    0.246294E+01    0.131709E+02
   33993.4628   13500.0284  0.636265E-01    0.822291E-01    0.965704E-01    0.108589E+00    0.120340E+00    0.131223E+00    0.141688E+00    0.152215E+00    0.162571E+00    0.172484E+00    0.277223E+00    0.402571E+00    0.558399E+00    0.745176E+00    0.988479E+00    0.130376E+01    0.173458E+01    0.244581E+01    0.178812E+02
