       0.0000       0.0000  0.356751E-01    0.532754E-01    0.676956E-01    0.814169E-01    0.951775E-01    0.108306E+00    0.122369E+00    0.136484E+00    0.150512E+00    0.164470E+00    0.321105E+00    0.507021E+00    0.729302E+00    0.999958E+00    0.134550E+01    0.181875E+01    0.252378E+01    0.390789E+01    0.893752E+01
     312.0000      99.7872  0.503553E-01    0.681782E-01    0.824813E-01    0.961219E-01    0.109672E+00    0.123162E+00    0.135916E+00    0.149203E+00    0.162454E+00    0.175813E+00    0.322259E+00    0.497874E+00    0.710136E+00    0.973869E+00    0.130154E+01    0.175320E+01    0.243882E+01    0.376061E+01    0.203425E+02
     624.0000     199.5743  0.496210E-01    0.680421E-01    0.831531E-01    0.963746E-01    0.109411E+00    0.122551E+00    0.135537E+00    0.148877E+00    0.160930E+00    0.174091E+00    0.316126E+00    0.486429E+00    0.695139E+00    0.944419E+00    0.126400E+01    0.168850E+01    0.232476E+01    0.346545E+01    0.984448E+01
     936.0000     299.3615  0.517682E-01    0.690629E-01    0.833919E-01    0.969213E-01    0.110009E+00    0.122450E+00    0.134240E+00    0.147471E+00    0.160098E+00    0.173217E+00    0.311577E+00    0.480555E+00    0.683203E+00    0.932765E+00    0.124941E+01    0.166739E+01    0.228718E+01    0.342038E+01    0.129456E+02
    1245.0000     398.1891  0.505458E-01    0.685630E-01    0.832923E-01    0.965783E-01    0.108802E+00    0.120970E+00    0.133264E+00    0.145453E+00    0.157903E+00    0.169885E+00    0.306737E+00    0.473432E+00    0.676381E+00    0.923331E+00    0.122878E+01    0.164536E+01    0.225745E+01    0.334749E+01    0.227991E+02
    1557.0000     497.9763  0.518377E-01    0.693100E-01    0.842958E-01    0.975679E-01    0.109272E+00    0.121467E+00    0.133842E+00    0.145839E+00    0.157930E+00    0.170999E+00    0.305465E+00    0.471742E+00    0.669880E+00    0.914432E+00    0.121460E+01    0.162846E+01    0.222036E+01    0.325680E+01    0.251254E+02
    1869.0000     597.7634  0.517773E-01    0.683651E-01    0.819878E-01    0.957880E-01    0.108295E+00    0.119873E+00    0.131802E+00    0.144239E+00    0.156285E+00    0.168784E+00    0.301713E+00    0.461514E+00    0.660426E+00    0.899089E+00    0.119793E+01    0.159398E+01    0.216994E+01    0.316198E+01    0.195125E+02
    2178.0000     696.5911  0.520246E-01    0.689172E-01    0.827148E-01    0.956491E-01    0.107617E+00    0.119906E+00    0.131615E+00    0.143029E+00    0.155574E+00    0.167949E+00    0.299870E+00    0.462315E+00    0.656688E+00    0.893104E+00    0.119155E+01    0.158463E+01    0.214454E+01    0.311286E+01    0.118463E+02
    2490.0000     796.3783  0.508396E-01    0.684140E-01    0.830277E-01    0.957324E-01    0.108103E+00    0.119936E+00    0.131186E+00    0.142321E+00    0.153805E+00    0.166000E+00    0.296082E+00    0.456911E+00    0.648415E+00    0.880751E+00    0.117528E+01    0.156284E+01    0.210159E+01    0.300801E+01    0.879211E+01
    2802.0000     896.1654  0.518879E-01    0.697939E-01    0.844897E-01    0.962959E-01    0.108449E+00    0.119641E+00    0.131349E+00    0.142472E+00    0.153696E+00    0.165156E+00    0.294478E+00    0.453924E+00    0.646420E+00    0.879750E+00    0.117545E+01    0.156641E+01    0.212484E+01    0.309221E+01    0.185334E+02
    3114.0000     995.9526  0.540823E-01    0.705253E-01    0.846266E-01    0.967889E-01    0.108589E+00    0.120200E+00    0.132159E+00    0.143472E+00    0.154757E+00    0.166964E+00    0.293071E+00    0.451179E+00    0.641796E+00    0.875722E+00    0.116732E+01    0.155203E+01    0.210515E+01    0.302312E+01    0.223728E+02
    3423.0000    1094.7802  0.526629E-01    0.705175E-01    0.844416E-01    0.965140E-01    0.108977E+00    0.120658E+00    0.131511E+00    0.141874E+00    0.153432E+00    0.165315E+00    0.291296E+00    0.448774E+00    0.639323E+00    0.869911E+00    0.115859E+01    0.154136E+01    0.207953E+01    0.300040E+01    0.236480E+02
    3735.0000    1194.5674  0.526314E-01    0.704838E-01    0.841372E-01    0.966744E-01    0.107854E+00    0.119031E+00    0.130374E+00    0.141577E+00    0.152775E+00    0.164239E+00    0.290779E+00    0.447015E+00    0.636791E+00    0.867875E+00    0.115409E+01    0.153269E+01    0.206162E+01    0.295732E+01    0.155793E+02
    4047.0000    1294.3546  0.541569E-01    0.705764E-01    0.844902E-01    0.969769E-01    0.108400E+00    0.119598E+00    0.130562E+00    0.141710E+00    0.152851E+00    0.163360E+00    0.287965E+00    0.440474E+00    0.627827E+00    0.855624E+00    0.113799E+01    0.150951E+01    0.202608E+01    0.289579E+01    0.783661E+01
    4356.0000    1393.1822  0.537165E-01    0.710537E-01    0.843956E-01    0.968624E-01    0.108510E+00    0.119427E+00    0.129623E+00    0.140595E+00    0.150846E+00    0.162409E+00    0.286165E+00    0.441561E+00    0.630203E+00    0.859053E+00    0.114719E+01    0.151228E+01    0.203401E+01    0.292714E+01    0.153215E+02
    4668.0000    1492.9694  0.527004E-01    0.706428E-01    0.836793E-01    0.957051E-01    0.106806E+00    0.116809E+00    0.127842E+00    0.138357E+00    0.149068E+00    0.160190E+00    0.282266E+00    0.435765E+00    0.622279E+00    0.848331E+00    0.113391E+01    0.150921E+01    0.202592E+01    0.291291E+01    0.244779E+02
    4980.0000    1592.7565  0.541353E-01    0.711343E-01    0.838967E-01    0.955389E-01    0.107060E+00    0.118321E+00    0.128864E+00    0.139951E+00    0.150269E+00    0.161039E+00    0.281459E+00    0.432534E+00    0.618715E+00    0.847555E+00    0.112985E+01    0.149955E+01    0.201988E+01    0.288631E+01    0.264354E+02
    5289.0000    1691.5842  0.535427E-01    0.699425E-01    0.831933E-01    0.951482E-01    0.106750E+00    0.116917E+00    0.128108E+00    0.138636E+00    0.149795E+00    0.160524E+00    0.279436E+00    0.430547E+00    0.617519E+00    0.844714E+00    0.112800E+01    0.149547E+01    0.200666E+01    0.286284E+01    0.191616E+02
    5601.0000    1791.3713  0.529725E-01    0.698737E-01    0.837298E-01    0.961449E-01    0.107143E+00    0.117902E+00    0.129072E+00    0.139904E+00    0.149808E+00    0.160580E+00    0.277889E+00    0.426138E+00    0.612586E+00    0.837488E+00    0.111571E+01    0.148342E+01    0.199447E+01    0.283452E+01    0.913752E+01
    5913.0000    1891.1585  0.534535E-01    0.713091E-01    0.851053E-01    0.970185E-01    0.108375E+00    0.119235E+00    0.129649E+00    0.140142E+00    0.150427E+00    0.161283E+00    0.276484E+00    0.423580E+00    0.610394E+00    0.835043E+00    0.111565E+01    0.148587E+01    0.198879E+01    0.284510E+01    0.147945E+02
    6225.0000    1990.9457  0.526586E-01    0.702876E-01    0.834587E-01    0.954694E-01    0.106625E+00    0.116978E+00    0.127545E+00    0.138066E+00    0.148680E+00    0.159257E+00    0.275789E+00    0.423183E+00    0.608499E+00    0.835418E+00    0.111755E+01    0.148103E+01    0.199052E+01    0.282793E+01    0.248297E+02
    6534.0000    2089.7733  0.554035E-01    0.721115E-01    0.848009E-01    0.966327E-01    0.107559E+00    0.117768E+00    0.127727E+00    0.138354E+00    0.148820E+00    0.158937E+00    0.275025E+00    0.420686E+00    0.603289E+00    0.828943E+00    0.110841E+01    0.146829E+01    0.197077E+01    0.281883E+01    0.270426E+02
    6846.0000    2189.5605  0.530413E-01    0.707554E-01    0.843438E-01    0.963040E-01    0.107260E+00    0.117786E+00    0.128204E+00    0.138903E+00    0.149471E+00    0.159815E+00    0.275851E+00    0.422244E+00    0.602375E+00    0.824689E+00    0.110160E+01    0.146342E+01    0.197086E+01    0.280345E+01    0.195589E+02
    7158.0000    2289.3476  0.534670E-01    0.708788E-01    0.846813E-01    0.961217E-01    0.106791E+00    0.117565E+00    0.127940E+00    0.138043E+00    0.148051E+00    0.158169E+00    0.271574E+00    0.417029E+00    0.595735E+00    0.815792E+00    0.109503E+01    0.145348E+01    0.195619E+01    0.278525E+01    0.969784E+01
    7467.0000    2388.1753  0.533468E-01    0.701905E-01    0.842981E-01    0.958966E-01    0.107762E+00    0.117952E+00    0.128111E+00    0.137867E+00    0.148388E+00    0.158566E+00    0.272216E+00    0.415102E+00    0.593401E+00    0.814953E+00    0.109146E+01    0.144840E+01    0.195031E+01    0.276790E+01    0.121484E+02
    7779.0000    2487.9625  0.528613E-01    0.693944E-01    0.830900E-01    0.947133E-01    0.105735E+00    0.116582E+00    0.126841E+00    0.136548E+00    0.146958E+00    0.157117E+00    0.270401E+00    0.416888E+00    0.592825E+00    0.812998E+00    0.108831E+01    0.144717E+01    0.194391E+01    0.275580E+01    0.226913E+02
    8091.0000    2587.7496  0.538355E-01    0.696470E-01    0.825584E-01    0.941702E-01    0.105244E+00    0.115833E+00    0.126279E+00    0.136773E+00    0.146564E+00    0.156060E+00    0.267895E+00    0.412213E+00    0.590614E+00    0.809222E+00    0.108646E+01    0.144158E+01    0.193926E+01    0.275058E+01    0.252108E+02
    8400.0000    2686.5773  0.529270E-01    0.695809E-01    0.825471E-01    0.946526E-01    0.105708E+00    0.116363E+00    0.126079E+00    0.135960E+00    0.145936E+00    0.155794E+00    0.267888E+00    0.411576E+00    0.588918E+00    0.804718E+00    0.107844E+01    0.143320E+01    0.192644E+01    0.272101E+01    0.195115E+02
    8712.0000    2786.3644  0.523666E-01    0.694177E-01    0.837519E-01    0.950273E-01    0.105836E+00    0.116025E+00    0.126163E+00    0.135744E+00    0.145602E+00    0.155371E+00    0.265397E+00    0.404278E+00    0.583581E+00    0.800528E+00    0.107302E+01    0.142686E+01    0.192026E+01    0.270925E+01    0.109482E+02
    9024.0000    2886.1516  0.528498E-01    0.698171E-01    0.830434E-01    0.944900E-01    0.105460E+00    0.115131E+00    0.125762E+00    0.136531E+00    0.146078E+00    0.155469E+00    0.265112E+00    0.407280E+00    0.582950E+00    0.802818E+00    0.107539E+01    0.142303E+01    0.191126E+01    0.271879E+01    0.909621E+01
    9336.0000    2985.9387  0.534265E-01    0.712134E-01    0.846238E-01    0.957890E-01    0.106644E+00    0.116562E+00    0.126232E+00    0.136048E+00    0.145334E+00    0.155128E+00    0.263022E+00    0.403672E+00    0.578369E+00    0.795142E+00    0.106914E+01    0.141832E+01    0.190329E+01    0.270931E+01    0.189183E+02
    9645.0000    3084.7664  0.543177E-01    0.706637E-01    0.834495E-01    0.946066E-01    0.105109E+00    0.114938E+00    0.125031E+00    0.135079E+00    0.144602E+00    0.154060E+00    0.261777E+00    0.401488E+00    0.578012E+00    0.792861E+00    0.106422E+01    0.141351E+01    0.189628E+01    0.267745E+01    0.218398E+02
    9957.0000    3184.5536  0.537507E-01    0.701986E-01    0.829732E-01    0.947960E-01    0.105753E+00    0.115945E+00    0.126034E+00    0.135387E+00    0.144709E+00    0.154386E+00    0.260499E+00    0.400986E+00    0.578790E+00    0.792603E+00    0.106042E+01    0.141379E+01    0.189596E+01    0.269101E+01    0.221027E+02
   10269.0000    3284.3407  0.522420E-01    0.697744E-01    0.835106E-01    0.948118E-01    0.105448E+00    0.115119E+00    0.124875E+00    0.134279E+00    0.144107E+00    0.153582E+00    0.258658E+00    0.396795E+00    0.570793E+00    0.790199E+00    0.105904E+01    0.140968E+01    0.189208E+01    0.268339E+01    0.146240E+02
   10578.0000    3383.1684  0.535084E-01    0.694712E-01    0.824718E-01    0.938755E-01    0.104875E+00    0.115037E+00    0.125338E+00    0.134925E+00    0.144539E+00    0.154123E+00    0.258353E+00    0.393884E+00    0.566662E+00    0.779816E+00    0.104624E+01    0.139213E+01    0.187628E+01    0.264976E+01    0.739801E+01
   10890.0000    3482.9555  0.528769E-01    0.704049E-01    0.835553E-01    0.945988E-01    0.104585E+00    0.114256E+00    0.124485E+00    0.134504E+00    0.143925E+00    0.153044E+00    0.257918E+00    0.393579E+00    0.568432E+00    0.780579E+00    0.104767E+01    0.139025E+01    0.187455E+01    0.266150E+01    0.146002E+02
   11202.0000    3582.7427  0.534279E-01    0.695606E-01    0.825254E-01    0.942020E-01    0.104642E+00    0.114733E+00    0.124740E+00    0.134268E+00    0.143796E+00    0.153665E+00    0.258218E+00    0.394120E+00    0.564800E+00    0.778928E+00    0.104587E+01    0.139153E+01    0.187155E+01    0.265548E+01    0.231355E+02
   11511.0000    3681.5704  0.526101E-01    0.689251E-01    0.813217E-01    0.920652E-01    0.103172E+00    0.113089E+00    0.123044E+00    0.133120E+00    0.142216E+00    0.151837E+00    0.256404E+00    0.390175E+00    0.560368E+00    0.776623E+00    0.104218E+01    0.138536E+01    0.186542E+01    0.265301E+01    0.253684E+02
   11823.0000    3781.3575  0.532141E-01    0.685009E-01    0.814187E-01    0.924646E-01    0.102873E+00    0.112353E+00    0.122285E+00    0.131901E+00    0.141778E+00    0.151204E+00    0.255448E+00    0.390346E+00    0.561765E+00    0.774182E+00    0.103977E+01    0.137610E+01    0.185753E+01    0.264193E+01    0.186977E+02
   12135.0000    3881.1447  0.513053E-01    0.671365E-01    0.795217E-01    0.908004E-01    0.101059E+00    0.111259E+00    0.120931E+00    0.130500E+00    0.140231E+00    0.149698E+00    0.253324E+00    0.385390E+00    0.557465E+00    0.768176E+00    0.103338E+01    0.137336E+01    0.184322E+01    0.261471E+01    0.871637E+01
   12447.0000    3980.9318  0.520006E-01    0.685782E-01    0.814029E-01    0.922746E-01    0.102371E+00    0.112771E+00    0.122405E+00    0.131306E+00    0.140954E+00    0.150463E+00    0.253576E+00    0.384315E+00    0.555994E+00    0.763193E+00    0.102552E+01    0.137164E+01    0.184997E+01    0.261903E+01    0.141335E+02
   12506.6875    4000.0217  0.535683E-01    0.692759E-01    0.816634E-01    0.930287E-01    0.103918E+00    0.113659E+00    0.123023E+00    0.132482E+00    0.141882E+00    0.151652E+00    0.256387E+00    0.386342E+00    0.556974E+00    0.768222E+00    0.102993E+01    0.136940E+01    0.183813E+01    0.261344E+01    0.209477E+02
