       0.0000       0.0000  0.425426E-01    0.680315E-01    0.886144E-01    0.104900E+00    0.120346E+00    0.135550E+00    0.149696E+00    0.164102E+00    0.179064E+00    0.194159E+00    0.346990E+00    0.524329E+00    0.738571E+00    0.999890E+00    0.133710E+01    0.179794E+01    0.250292E+01    0.388015E+01    0.943791E+01
     297.0000     100.0022  0.622950E-01    0.850311E-01    0.102655E+00    0.118558E+00    0.133921E+00    0.148107E+00    0.162179E+00    0.175717E+00    0.189056E+00    0.202535E+00    0.346301E+00    0.514217E+00    0.714818E+00    0.958630E+00    0.127429E+01    0.170175E+01    0.234748E+01    0.356047E+01    0.151428E+02
     594.0000     200.0044  0.651077E-01    0.866110E-01    0.104319E+00    0.119878E+00    0.134230E+00    0.147361E+00    0.160642E+00    0.173772E+00    0.187364E+00    0.201256E+00    0.338388E+00    0.502033E+00    0.693289E+00    0.934937E+00    0.124075E+01    0.164479E+01    0.223688E+01    0.330718E+01    0.904924E+01
     888.0000     298.9964  0.648458E-01    0.860894E-01    0.103809E+00    0.119239E+00    0.132848E+00    0.146583E+00    0.160192E+00    0.172930E+00    0.186139E+00    0.199232E+00    0.336700E+00    0.497332E+00    0.690891E+00    0.927794E+00    0.123376E+01    0.163477E+01    0.223547E+01    0.329278E+01    0.183958E+02
    1185.0000     398.9986  0.658995E-01    0.862084E-01    0.103324E+00    0.118268E+00    0.132631E+00    0.146193E+00    0.158997E+00    0.171858E+00    0.184638E+00    0.197300E+00    0.332931E+00    0.492118E+00    0.687122E+00    0.923940E+00    0.121845E+01    0.161246E+01    0.220056E+01    0.323487E+01    0.265441E+02
    1479.0000     497.9907  0.653606E-01    0.862359E-01    0.102419E+00    0.117122E+00    0.131427E+00    0.144862E+00    0.158009E+00    0.171030E+00    0.183488E+00    0.195806E+00    0.329083E+00    0.487702E+00    0.676908E+00    0.909188E+00    0.120210E+01    0.158999E+01    0.215751E+01    0.315470E+01    0.252811E+02
    1776.0000     597.9928  0.648540E-01    0.860670E-01    0.103180E+00    0.118426E+00    0.132733E+00    0.145996E+00    0.159201E+00    0.172063E+00    0.184213E+00    0.196907E+00    0.328157E+00    0.484047E+00    0.671331E+00    0.902194E+00    0.119251E+01    0.157279E+01    0.212721E+01    0.309359E+01    0.159275E+02
    2070.0000     696.9849  0.657240E-01    0.866057E-01    0.103821E+00    0.118333E+00    0.132369E+00    0.144897E+00    0.158309E+00    0.171184E+00    0.183303E+00    0.195387E+00    0.325741E+00    0.481144E+00    0.666803E+00    0.893578E+00    0.118034E+01    0.155670E+01    0.209484E+01    0.302115E+01    0.824719E+01
    2367.0000     796.9871  0.644245E-01    0.852141E-01    0.102016E+00    0.117057E+00    0.130237E+00    0.144409E+00    0.157322E+00    0.170344E+00    0.182372E+00    0.194504E+00    0.325906E+00    0.479537E+00    0.663636E+00    0.890002E+00    0.117445E+01    0.154611E+01    0.208893E+01    0.301349E+01    0.164989E+02
    2661.0000     895.9791  0.645257E-01    0.855000E-01    0.102622E+00    0.116771E+00    0.130212E+00    0.143393E+00    0.156218E+00    0.168599E+00    0.180974E+00    0.193171E+00    0.321358E+00    0.473670E+00    0.657087E+00    0.882680E+00    0.116362E+01    0.153085E+01    0.206195E+01    0.297434E+01    0.243957E+02
    2958.0000     995.9813  0.642284E-01    0.862135E-01    0.102736E+00    0.117432E+00    0.130080E+00    0.143106E+00    0.155845E+00    0.168393E+00    0.180299E+00    0.193175E+00    0.320763E+00    0.472604E+00    0.654198E+00    0.877341E+00    0.115186E+01    0.151861E+01    0.204036E+01    0.293160E+01    0.236962E+02
    3252.0000    1094.9734  0.656257E-01    0.852174E-01    0.102000E+00    0.116250E+00    0.129390E+00    0.142600E+00    0.155177E+00    0.167580E+00    0.179626E+00    0.191523E+00    0.319057E+00    0.469629E+00    0.648725E+00    0.871206E+00    0.114441E+01    0.150275E+01    0.201333E+01    0.286748E+01    0.162304E+02
    3549.0000    1194.9755  0.647626E-01    0.846750E-01    0.101266E+00    0.115766E+00    0.129422E+00    0.141938E+00    0.154583E+00    0.166541E+00    0.178441E+00    0.189887E+00    0.315112E+00    0.463492E+00    0.641624E+00    0.859567E+00    0.113249E+01    0.148101E+01    0.197395E+01    0.278462E+01    0.779882E+01
    3843.0000    1293.9676  0.648119E-01    0.851104E-01    0.100951E+00    0.115130E+00    0.128670E+00    0.141852E+00    0.154012E+00    0.165978E+00    0.177713E+00    0.189435E+00    0.316306E+00    0.464232E+00    0.645294E+00    0.862153E+00    0.113658E+01    0.149752E+01    0.201252E+01    0.288969E+01    0.122716E+02
    4140.0000    1393.9698  0.642193E-01    0.843617E-01    0.100998E+00    0.115815E+00    0.129709E+00    0.142521E+00    0.154264E+00    0.166238E+00    0.178456E+00    0.189709E+00    0.314372E+00    0.461052E+00    0.638748E+00    0.856467E+00    0.112599E+01    0.148217E+01    0.198215E+01    0.284582E+01    0.209179E+02
    4434.0000    1492.9618  0.657973E-01    0.869494E-01    0.103578E+00    0.117100E+00    0.129746E+00    0.142199E+00    0.154464E+00    0.166514E+00    0.178424E+00    0.190303E+00    0.313306E+00    0.460300E+00    0.637305E+00    0.852175E+00    0.112623E+01    0.147922E+01    0.197898E+01    0.281017E+01    0.215998E+02
    4731.0000    1592.9640  0.650001E-01    0.858949E-01    0.102339E+00    0.115865E+00    0.128552E+00    0.141102E+00    0.153309E+00    0.165624E+00    0.178029E+00    0.189565E+00    0.313014E+00    0.457823E+00    0.635638E+00    0.850091E+00    0.111895E+01    0.147103E+01    0.196779E+01    0.280900E+01    0.196970E+02
    5025.0000    1691.9561  0.655831E-01    0.859764E-01    0.101849E+00    0.115812E+00    0.127963E+00    0.140392E+00    0.152715E+00    0.164590E+00    0.176341E+00    0.187278E+00    0.309555E+00    0.454590E+00    0.631617E+00    0.843237E+00    0.111431E+01    0.146669E+01    0.195741E+01    0.277573E+01    0.108410E+02
    5322.0000    1791.9582  0.653392E-01    0.859242E-01    0.102249E+00    0.115960E+00    0.128657E+00    0.141101E+00    0.152576E+00    0.164610E+00    0.175970E+00    0.187739E+00    0.308927E+00    0.453257E+00    0.628231E+00    0.840382E+00    0.110477E+01    0.144887E+01    0.192998E+01    0.272453E+01    0.906639E+01
    5616.0000    1890.9503  0.643453E-01    0.859853E-01    0.101386E+00    0.115894E+00    0.128877E+00    0.140687E+00    0.152739E+00    0.164575E+00    0.176365E+00    0.187486E+00    0.309873E+00    0.453226E+00    0.628953E+00    0.841664E+00    0.110222E+01    0.144748E+01    0.193298E+01    0.273267E+01    0.174814E+02
    5913.0000    1990.9525  0.644672E-01    0.844795E-01    0.100089E+00    0.114075E+00    0.127485E+00    0.139712E+00    0.151807E+00    0.163596E+00    0.175291E+00    0.185979E+00    0.306073E+00    0.449250E+00    0.624033E+00    0.835245E+00    0.109854E+01    0.144487E+01    0.192417E+01    0.273652E+01    0.240063E+02
    6207.0000    2089.9445  0.642273E-01    0.847990E-01    0.100329E+00    0.114718E+00    0.127576E+00    0.139493E+00    0.151641E+00    0.163322E+00    0.174477E+00    0.185792E+00    0.303715E+00    0.446054E+00    0.618968E+00    0.830765E+00    0.109395E+01    0.144014E+01    0.191820E+01    0.271663E+01    0.233906E+02
    6504.0000    2189.9467  0.644646E-01    0.851335E-01    0.100357E+00    0.113818E+00    0.126575E+00    0.138695E+00    0.150081E+00    0.162563E+00    0.174050E+00    0.185463E+00    0.302405E+00    0.444294E+00    0.616795E+00    0.826153E+00    0.108917E+01    0.143035E+01    0.190891E+01    0.269844E+01    0.137541E+02
    6798.0000    2288.9388  0.655357E-01    0.853424E-01    0.100494E+00    0.113952E+00    0.126438E+00    0.138188E+00    0.149485E+00    0.160945E+00    0.171997E+00    0.183566E+00    0.301717E+00    0.442762E+00    0.615802E+00    0.823263E+00    0.108142E+01    0.141974E+01    0.189309E+01    0.267048E+01    0.841854E+01
    7095.0000    2388.9409  0.659906E-01    0.855067E-01    0.101390E+00    0.115078E+00    0.127360E+00    0.139385E+00    0.150169E+00    0.161114E+00    0.172462E+00    0.184258E+00    0.302583E+00    0.444301E+00    0.615001E+00    0.824849E+00    0.108441E+01    0.142232E+01    0.189660E+01    0.268296E+01    0.176568E+02
    7389.0000    2487.9330  0.643741E-01    0.842806E-01    0.998963E-01    0.113841E+00    0.126481E+00    0.138620E+00    0.150294E+00    0.161917E+00    0.173009E+00    0.183709E+00    0.300539E+00    0.440889E+00    0.612529E+00    0.820081E+00    0.107999E+01    0.141697E+01    0.189355E+01    0.267726E+01    0.254215E+02
    7686.0000    2587.9352  0.641387E-01    0.841894E-01    0.995261E-01    0.113678E+00    0.126303E+00    0.138241E+00    0.150498E+00    0.161395E+00    0.172711E+00    0.184253E+00    0.300875E+00    0.441517E+00    0.611566E+00    0.814322E+00    0.107270E+01    0.140964E+01    0.187707E+01    0.265739E+01    0.246567E+02
    7980.0000    2686.9272  0.647501E-01    0.847007E-01    0.100183E+00    0.113941E+00    0.126256E+00    0.137987E+00    0.149487E+00    0.160224E+00    0.171146E+00    0.182352E+00    0.299428E+00    0.436979E+00    0.607033E+00    0.812983E+00    0.106936E+01    0.140163E+01    0.186670E+01    0.264066E+01    0.160456E+02
    8277.0000    2786.9294  0.643827E-01    0.848263E-01    0.100316E+00    0.113643E+00    0.126297E+00    0.138372E+00    0.149837E+00    0.161269E+00    0.172648E+00    0.183336E+00    0.296582E+00    0.433023E+00    0.600691E+00    0.806582E+00    0.106329E+01    0.139084E+01    0.184861E+01    0.260733E+01    0.833634E+01
    8571.0000    2885.9215  0.642251E-01    0.840665E-01    0.996738E-01    0.113136E+00    0.126036E+00    0.138548E+00    0.149947E+00    0.161026E+00    0.172236E+00    0.182884E+00    0.297156E+00    0.435538E+00    0.603548E+00    0.810755E+00    0.106682E+01    0.139823E+01    0.186478E+01    0.263852E+01    0.160189E+02
    8868.0000    2985.9237  0.639650E-01    0.839923E-01    0.989201E-01    0.112716E+00    0.125646E+00    0.137652E+00    0.148767E+00    0.159915E+00    0.170655E+00    0.181122E+00    0.295842E+00    0.431742E+00    0.600272E+00    0.806441E+00    0.106021E+01    0.139003E+01    0.185756E+01    0.262308E+01    0.245463E+02
    9162.0000    3084.9157  0.632220E-01    0.831802E-01    0.983009E-01    0.111795E+00    0.123716E+00    0.135633E+00    0.146781E+00    0.158441E+00    0.169613E+00    0.179845E+00    0.292742E+00    0.431988E+00    0.597089E+00    0.802971E+00    0.105737E+01    0.138352E+01    0.184746E+01    0.260356E+01    0.241117E+02
    9459.0000    3184.9179  0.644731E-01    0.840275E-01    0.994422E-01    0.113115E+00    0.125060E+00    0.136374E+00    0.147618E+00    0.158233E+00    0.169431E+00    0.180325E+00    0.295143E+00    0.430634E+00    0.597029E+00    0.799263E+00    0.105226E+01    0.138257E+01    0.184188E+01    0.258643E+01    0.160837E+02
    9753.0000    3283.9099  0.642231E-01    0.837745E-01    0.990973E-01    0.112641E+00    0.124375E+00    0.135896E+00    0.146944E+00    0.157901E+00    0.168780E+00    0.179539E+00    0.293774E+00    0.426600E+00    0.593822E+00    0.795550E+00    0.104430E+01    0.137113E+01    0.182646E+01    0.256042E+01    0.794854E+01
   10050.0000    3383.9121  0.639797E-01    0.834231E-01    0.986221E-01    0.111606E+00    0.124223E+00    0.135654E+00    0.147047E+00    0.157772E+00    0.168698E+00    0.179425E+00    0.293307E+00    0.427785E+00    0.592765E+00    0.796068E+00    0.104698E+01    0.137285E+01    0.182719E+01    0.257632E+01    0.134365E+02
   10344.0000    3482.9042  0.652602E-01    0.842033E-01    0.991976E-01    0.112528E+00    0.124309E+00    0.135691E+00    0.146692E+00    0.157964E+00    0.168536E+00    0.179253E+00    0.292081E+00    0.426112E+00    0.588623E+00    0.790980E+00    0.104401E+01    0.136836E+01    0.182193E+01    0.256772E+01    0.214773E+02
   10641.0000    3582.9064  0.644503E-01    0.840691E-01    0.994895E-01    0.113031E+00    0.125495E+00    0.136592E+00    0.147783E+00    0.158521E+00    0.169172E+00    0.179872E+00    0.291244E+00    0.424350E+00    0.586145E+00    0.787609E+00    0.103672E+01    0.136581E+01    0.181886E+01    0.256399E+01    0.218947E+02
   10935.0000    3681.8984  0.637254E-01    0.839013E-01    0.995323E-01    0.112598E+00    0.124568E+00    0.135593E+00    0.146639E+00    0.156949E+00    0.167511E+00    0.178035E+00    0.286980E+00    0.421082E+00    0.583670E+00    0.786469E+00    0.104044E+01    0.136037E+01    0.181120E+01    0.254714E+01    0.180568E+02
   11232.0000    3781.9006  0.635359E-01    0.833312E-01    0.979445E-01    0.111156E+00    0.123198E+00    0.134412E+00    0.145784E+00    0.156008E+00    0.166761E+00    0.177322E+00    0.286782E+00    0.420143E+00    0.583386E+00    0.782169E+00    0.103346E+01    0.135606E+01    0.180294E+01    0.252562E+01    0.934004E+01
   11526.0000    3880.8927  0.628840E-01    0.827421E-01    0.970426E-01    0.110153E+00    0.122002E+00    0.133312E+00    0.144621E+00    0.155777E+00    0.166682E+00    0.176967E+00    0.286289E+00    0.419517E+00    0.581322E+00    0.777754E+00    0.102507E+01    0.134144E+01    0.178340E+01    0.248822E+01    0.924480E+01
   11823.0000    3980.8948  0.630689E-01    0.828206E-01    0.976509E-01    0.110733E+00    0.122659E+00    0.133713E+00    0.144390E+00    0.155323E+00    0.165785E+00    0.175958E+00    0.284879E+00    0.418457E+00    0.580122E+00    0.780464E+00    0.102558E+01    0.134654E+01    0.179249E+01    0.251842E+01    0.178440E+02
   12117.0000    4079.8869  0.627291E-01    0.824618E-01    0.979039E-01    0.110730E+00    0.123546E+00    0.134617E+00    0.145445E+00    0.156192E+00    0.166119E+00    0.176348E+00    0.285754E+00    0.417056E+00    0.578257E+00    0.775964E+00    0.102365E+01    0.134421E+01    0.179434E+01    0.253013E+01    0.224266E+02
   12414.0000    4179.8891  0.630158E-01    0.818484E-01    0.971840E-01    0.110278E+00    0.122660E+00    0.133905E+00    0.144469E+00    0.155417E+00    0.166038E+00    0.176570E+00    0.283570E+00    0.414882E+00    0.576005E+00    0.777441E+00    0.102264E+01    0.134329E+01    0.178817E+01    0.251037E+01    0.216858E+02
   12708.0000    4278.8811  0.623487E-01    0.816642E-01    0.971453E-01    0.110852E+00    0.123261E+00    0.133646E+00    0.144546E+00    0.154711E+00    0.164678E+00    0.175180E+00    0.283471E+00    0.414283E+00    0.571199E+00    0.770599E+00    0.101735E+01    0.133810E+01    0.177899E+01    0.251168E+01    0.132746E+02
   13005.0000    4378.8833  0.625091E-01    0.821706E-01    0.968913E-01    0.109617E+00    0.121542E+00    0.132684E+00    0.143640E+00    0.154457E+00    0.164264E+00    0.174386E+00    0.283552E+00    0.413114E+00    0.572095E+00    0.770939E+00    0.101606E+01    0.132953E+01    0.177071E+01    0.249425E+01    0.808992E+01
   13299.0000    4477.8754  0.624261E-01    0.813132E-01    0.953749E-01    0.108141E+00    0.120280E+00    0.131627E+00    0.142033E+00    0.152495E+00    0.162697E+00    0.173074E+00    0.280804E+00    0.410140E+00    0.569556E+00    0.768707E+00    0.101689E+01    0.133344E+01    0.177484E+01    0.249751E+01    0.165878E+02
   13596.0000    4577.8775  0.611029E-01    0.809008E-01    0.953154E-01    0.108680E+00    0.120430E+00    0.131383E+00    0.142196E+00    0.152442E+00    0.162664E+00    0.173054E+00    0.279742E+00    0.408822E+00    0.570591E+00    0.768955E+00    0.101407E+01    0.133152E+01    0.177540E+01    0.250039E+01    0.243210E+02
   13890.0000    4676.8696  0.615252E-01    0.821363E-01    0.971004E-01    0.109567E+00    0.121563E+00    0.132154E+00    0.142898E+00    0.153177E+00    0.163569E+00    0.173559E+00    0.280076E+00    0.407628E+00    0.567565E+00    0.764905E+00    0.100916E+01    0.132486E+01    0.176300E+01    0.249144E+01    0.241359E+02
   14187.0000    4776.8718  0.616909E-01    0.809075E-01    0.962530E-01    0.108760E+00    0.120876E+00    0.131753E+00    0.142514E+00    0.152755E+00    0.162809E+00    0.172852E+00    0.278788E+00    0.408821E+00    0.568519E+00    0.762851E+00    0.100307E+01    0.131870E+01    0.175625E+01    0.247015E+01    0.155631E+02
   14481.0000    4875.8638  0.624200E-01    0.810309E-01    0.960920E-01    0.108929E+00    0.120628E+00    0.131347E+00    0.141895E+00    0.152381E+00    0.162821E+00    0.172558E+00    0.277634E+00    0.403768E+00    0.559233E+00    0.755845E+00    0.997321E+00    0.130927E+01    0.174413E+01    0.244631E+01    0.823246E+01
   14778.0000    4975.8660  0.627444E-01    0.810877E-01    0.959666E-01    0.109164E+00    0.120404E+00    0.131606E+00    0.142222E+00    0.151712E+00    0.161723E+00    0.172176E+00    0.276743E+00    0.403441E+00    0.560854E+00    0.755093E+00    0.100086E+01    0.131523E+01    0.175298E+01    0.246782E+01    0.161036E+02
   15072.0000    5074.8581  0.619303E-01    0.807180E-01    0.949484E-01    0.107661E+00    0.118399E+00    0.129559E+00    0.139657E+00    0.150226E+00    0.160296E+00    0.170787E+00    0.276047E+00    0.401768E+00    0.559168E+00    0.753577E+00    0.996604E+00    0.131049E+01    0.174753E+01    0.246283E+01    0.244085E+02
   15369.0000    5174.8602  0.615858E-01    0.805545E-01    0.949642E-01    0.107853E+00    0.119878E+00    0.130386E+00    0.140735E+00    0.151084E+00    0.161546E+00    0.171937E+00    0.277177E+00    0.403287E+00    0.560233E+00    0.753981E+00    0.994814E+00    0.130764E+01    0.173960E+01    0.246184E+01    0.243548E+02
   15663.0000    5273.8523  0.615577E-01    0.798776E-01    0.950392E-01    0.107422E+00    0.119160E+00    0.130679E+00    0.141161E+00    0.151731E+00    0.161867E+00    0.171928E+00    0.275226E+00    0.400487E+00    0.555886E+00    0.750413E+00    0.989558E+00    0.130245E+01    0.173861E+01    0.244214E+01    0.167150E+02
   15960.0000    5373.8545  0.615036E-01    0.806222E-01    0.946357E-01    0.106408E+00    0.118411E+00    0.129150E+00    0.139259E+00    0.149512E+00    0.159646E+00    0.169591E+00    0.273922E+00    0.399635E+00    0.554699E+00    0.746168E+00    0.986135E+00    0.129519E+01    0.172582E+01    0.243531E+01    0.804445E+01
   16254.0000    5472.8465  0.610028E-01    0.792400E-01    0.939636E-01    0.106058E+00    0.117630E+00    0.128519E+00    0.139056E+00    0.149384E+00    0.159305E+00    0.169546E+00    0.273103E+00    0.397726E+00    0.553000E+00    0.744678E+00    0.984679E+00    0.129637E+01    0.172593E+01    0.244539E+01    0.135686E+02
   16551.0000    5572.8487  0.606875E-01    0.794664E-01    0.944006E-01    0.106861E+00    0.118496E+00    0.129476E+00    0.139644E+00    0.150039E+00    0.160043E+00    0.169941E+00    0.271960E+00    0.396488E+00    0.550223E+00    0.746341E+00    0.985496E+00    0.129596E+01    0.172703E+01    0.243810E+01    0.224732E+02
   16845.0000    5671.8408  0.608282E-01    0.787741E-01    0.928173E-01    0.105064E+00    0.116324E+00    0.127382E+00    0.137920E+00    0.147907E+00    0.158259E+00    0.167852E+00    0.270511E+00    0.393721E+00    0.550987E+00    0.739605E+00    0.977898E+00    0.128633E+01    0.171491E+01    0.241767E+01    0.228328E+02
   17142.0000    5771.8430  0.600947E-01    0.781967E-01    0.931229E-01    0.105479E+00    0.116907E+00    0.127406E+00    0.137995E+00    0.148671E+00    0.158729E+00    0.168506E+00    0.269871E+00    0.393771E+00    0.547872E+00    0.738675E+00    0.977686E+00    0.128324E+01    0.171161E+01    0.240978E+01    0.165337E+02
   17436.0000    5870.8350  0.602258E-01    0.787732E-01    0.938598E-01    0.105810E+00    0.116816E+00    0.127616E+00    0.137964E+00    0.147900E+00    0.157601E+00    0.167286E+00    0.267752E+00    0.390846E+00    0.543607E+00    0.734425E+00    0.973849E+00    0.128045E+01    0.170375E+01    0.239163E+01    0.868266E+01
   17733.0000    5970.8372  0.603360E-01    0.795914E-01    0.938279E-01    0.106293E+00    0.117976E+00    0.128756E+00    0.139121E+00    0.149066E+00    0.159098E+00    0.168616E+00    0.268675E+00    0.390057E+00    0.546291E+00    0.736892E+00    0.973868E+00    0.128307E+01    0.171445E+01    0.241873E+01    0.103881E+02
   18027.0000    6069.8292  0.594589E-01    0.777922E-01    0.927912E-01    0.104833E+00    0.115751E+00    0.127364E+00    0.137406E+00    0.147280E+00    0.156857E+00    0.166334E+00    0.267882E+00    0.389241E+00    0.543923E+00    0.734764E+00    0.974916E+00    0.128226E+01    0.170873E+01    0.241492E+01    0.184667E+02
   18324.0000    6169.8314  0.606847E-01    0.798420E-01    0.937979E-01    0.106416E+00    0.117113E+00    0.127201E+00    0.137239E+00    0.147238E+00    0.156520E+00    0.165893E+00    0.267125E+00    0.389213E+00    0.541590E+00    0.731176E+00    0.965226E+00    0.127066E+01    0.169374E+01    0.238074E+01    0.207782E+02
   18618.0000    6268.8235  0.613512E-01    0.792350E-01    0.930390E-01    0.104944E+00    0.115809E+00    0.125910E+00    0.136060E+00    0.145662E+00    0.155351E+00    0.165067E+00    0.266305E+00    0.385332E+00    0.539663E+00    0.725883E+00    0.964500E+00    0.127014E+01    0.169341E+01    0.239494E+01    0.202964E+02
   18915.0000    6368.8257  0.588471E-01    0.770727E-01    0.911074E-01    0.103574E+00    0.114435E+00    0.125579E+00    0.135855E+00    0.145622E+00    0.155162E+00    0.164611E+00    0.265319E+00    0.388723E+00    0.541861E+00    0.727407E+00    0.963289E+00    0.126986E+01    0.169894E+01    0.238552E+01    0.115811E+02
   19209.0000    6467.8177  0.601827E-01    0.780635E-01    0.929972E-01    0.104656E+00    0.116141E+00    0.126860E+00    0.137082E+00    0.146878E+00    0.156413E+00    0.166023E+00    0.264676E+00    0.385640E+00    0.537450E+00    0.723111E+00    0.958364E+00    0.126350E+01    0.169077E+01    0.237765E+01    0.764722E+01
   19506.0000    6567.8199  0.601724E-01    0.779911E-01    0.920265E-01    0.104705E+00    0.115823E+00    0.126395E+00    0.136134E+00    0.146015E+00    0.155252E+00    0.164969E+00    0.265350E+00    0.384238E+00    0.533952E+00    0.722032E+00    0.957902E+00    0.126530E+01    0.169241E+01    0.238800E+01    0.156984E+02
   19800.0000    6666.8120  0.597922E-01    0.781106E-01    0.917901E-01    0.103903E+00    0.114728E+00    0.124773E+00    0.134279E+00    0.144046E+00    0.153607E+00    0.163183E+00    0.262247E+00    0.382421E+00    0.531894E+00    0.720886E+00    0.959786E+00    0.126785E+01    0.169018E+01    0.238403E+01    0.230282E+02
   20097.0000    6766.8141  0.591119E-01    0.771064E-01    0.915872E-01    0.103774E+00    0.114904E+00    0.125307E+00    0.135138E+00    0.144400E+00    0.153835E+00    0.163360E+00    0.262528E+00    0.381824E+00    0.531856E+00    0.722436E+00    0.954749E+00    0.125972E+01    0.168391E+01    0.238353E+01    0.227894E+02
   20391.0000    6865.8062  0.586948E-01    0.770426E-01    0.908190E-01    0.102813E+00    0.114100E+00    0.124537E+00    0.134335E+00    0.144034E+00    0.153602E+00    0.162579E+00    0.260998E+00    0.381671E+00    0.531050E+00    0.717331E+00    0.952579E+00    0.125871E+01    0.168144E+01    0.237592E+01    0.153623E+02
   20688.0000    6965.8084  0.590803E-01    0.755090E-01    0.897367E-01    0.101925E+00    0.113579E+00    0.124205E+00    0.133953E+00    0.143554E+00    0.152869E+00    0.162151E+00    0.261913E+00    0.378644E+00    0.527582E+00    0.712639E+00    0.943384E+00    0.125008E+01    0.167200E+01    0.236247E+01    0.794461E+01
   20982.0000    7064.8004  0.584840E-01    0.764988E-01    0.901007E-01    0.102480E+00    0.113086E+00    0.123015E+00    0.133604E+00    0.143199E+00    0.152831E+00    0.162476E+00    0.259378E+00    0.377961E+00    0.527058E+00    0.712925E+00    0.945596E+00    0.125227E+01    0.167999E+01    0.237878E+01    0.153313E+02
   21279.0000    7164.8026  0.599912E-01    0.781700E-01    0.916784E-01    0.102677E+00    0.113937E+00    0.124240E+00    0.133908E+00    0.143622E+00    0.152973E+00    0.162719E+00    0.261363E+00    0.378796E+00    0.528322E+00    0.713185E+00    0.948556E+00    0.125462E+01    0.167384E+01    0.236586E+01    0.240122E+02
   21573.0000    7263.7947  0.576267E-01    0.752208E-01    0.895318E-01    0.101293E+00    0.111984E+00    0.122674E+00    0.132449E+00    0.142291E+00    0.151015E+00    0.160546E+00    0.258452E+00    0.375862E+00    0.523771E+00    0.710598E+00    0.944184E+00    0.124886E+01    0.166862E+01    0.235739E+01    0.245219E+02
   21870.0000    7363.7968  0.579376E-01    0.760368E-01    0.899396E-01    0.101552E+00    0.112766E+00    0.123259E+00    0.132738E+00    0.142211E+00    0.151302E+00    0.160364E+00    0.257061E+00    0.375755E+00    0.521649E+00    0.706216E+00    0.942436E+00    0.124453E+01    0.166905E+01    0.235382E+01    0.166810E+02
   22164.0000    7462.7889  0.577083E-01    0.753977E-01    0.893620E-01    0.100723E+00    0.110901E+00    0.120979E+00    0.130664E+00    0.140193E+00    0.149442E+00    0.158493E+00    0.254949E+00    0.372363E+00    0.518365E+00    0.702346E+00    0.934981E+00    0.123808E+01    0.166036E+01    0.234021E+01    0.823801E+01
   22461.0000    7562.7911  0.577673E-01    0.756413E-01    0.889087E-01    0.100894E+00    0.111507E+00    0.121949E+00    0.131165E+00    0.140686E+00    0.149983E+00    0.159213E+00    0.256352E+00    0.375009E+00    0.522833E+00    0.705659E+00    0.935305E+00    0.123559E+01    0.166341E+01    0.236246E+01    0.141868E+02
   22755.0000    7661.7831  0.572182E-01    0.737261E-01    0.880788E-01    0.998751E-01    0.110436E+00    0.120284E+00    0.130232E+00    0.139603E+00    0.148664E+00    0.157938E+00    0.255230E+00    0.372987E+00    0.519862E+00    0.701593E+00    0.932846E+00    0.123701E+01    0.165714E+01    0.235229E+01    0.226604E+02
   23052.0000    7761.7853  0.571468E-01    0.743422E-01    0.874591E-01    0.995486E-01    0.110260E+00    0.120662E+00    0.129876E+00    0.139014E+00    0.148201E+00    0.157471E+00    0.255732E+00    0.373190E+00    0.521118E+00    0.704096E+00    0.933614E+00    0.123464E+01    0.164952E+01    0.233934E+01    0.236884E+02
   23346.0000    7860.7774  0.570124E-01    0.740977E-01    0.879126E-01    0.994886E-01    0.110024E+00    0.119892E+00    0.129402E+00    0.138775E+00    0.148310E+00    0.157522E+00    0.253938E+00    0.369552E+00    0.516632E+00    0.699333E+00    0.928919E+00    0.122748E+01    0.164943E+01    0.234303E+01    0.168734E+02
   23643.0000    7960.7795  0.574404E-01    0.744062E-01    0.877460E-01    0.996461E-01    0.110651E+00    0.120617E+00    0.130205E+00    0.139532E+00    0.148296E+00    0.157836E+00    0.253461E+00    0.368447E+00    0.517564E+00    0.698939E+00    0.930010E+00    0.122377E+01    0.163898E+01    0.230761E+01    0.824976E+01
   23759.6250    8000.0481  0.568173E-01    0.738986E-01    0.876525E-01    0.991949E-01    0.109864E+00    0.119665E+00    0.129191E+00    0.138155E+00    0.147082E+00    0.156901E+00    0.251928E+00    0.367160E+00    0.514553E+00    0.697069E+00    0.927321E+00    0.122144E+01    0.164741E+01    0.232759E+01    0.198256E+02
