3703.595988    57.067807    1.000000     1.000000
9600.581870    50.196231    0.971046     0.961980
9699.994183    50.089165    0.954209     0.940320
9799.406497    52.968432    0.944223     0.927440
9898.818810    40.637241    0.932187     0.911880
9998.231123    40.983517    0.923491     0.900575
10097.643437    43.576666    0.915990     0.891060
10197.055750    50.107450    0.910197     0.883750
10296.468064    62.444135    0.906168     0.878695
10395.880377    51.845767    0.900159     0.871120
10495.292690    50.811292    0.893567     0.862950
10594.705004    57.160457    0.888260     0.856340
10694.117317    62.540198    0.884052     0.851205
10793.529630    73.544645    0.880607     0.846985
10894.111500    64.667148    0.875532     0.840680
10993.523814    59.811070    0.870294     0.834305
11092.936127    70.233964    0.866788     0.830015
11192.348440    81.517655    0.863560     0.826100
11291.760754    68.751646    0.859714     0.821395
11391.173067    64.943861    0.855758     0.816555
11490.585381    70.632784    0.852374     0.812440
11589.997694    72.462303    0.848943     0.808170
11689.410007    76.332958    0.845878     0.804520
11788.822321    65.909643    0.842608     0.800615
11888.234634    63.058972    0.839413     0.796810
11987.646947    68.069084    0.835791     0.792430
12087.059261    77.449010    0.833206     0.789265
12187.641131    58.495627    0.830126     0.785565
12287.053444    53.348079    0.826924     0.781695
12386.465757    56.685692    0.823878     0.777985
12485.878071    56.007705    0.821310     0.774875
12585.290384    59.007254    0.818984     0.772035
12684.702698    46.577721    0.816098     0.768595
12784.115011    38.745975    0.812615     0.764475
12883.527324    43.988587    0.810276     0.761750
12982.939638    46.783572    0.807484     0.758485
13082.351951    53.426116    0.805454     0.756115
13181.764264    48.004268    0.802902     0.753015
13281.176578    44.473559    0.800285     0.749855
13380.588891    47.264424    0.797099     0.746090
13480.001204    56.693750    0.794670     0.743145
13500.090776    60.105514    0.794115     0.742535
