    9500.0000    3703.5960 200000      0      0       0.0000       1.0000
   24626.2087    9600.5819 192450      0      0       0.0007       0.9706
   24881.2087    9699.9942 187722      0      0       0.0013       0.9516
   25136.2087    9799.4065 184841      0      0       0.0019       0.9399
   25391.2087    9898.8188 182058      0      0       0.0026       0.9285
   25646.2087    9998.2311 179476      0      0       0.0033       0.9180
   25901.2087   10097.6434 177958      0      0       0.0039       0.9115
   26156.2087   10197.0558 176559      0      0       0.0045       0.9054
   26411.2087   10296.4681 175590      0      0       0.0051       0.9010
   26666.2087   10395.8804 174288      0      0       0.0056       0.8954
   26921.2087   10495.2927 172667      0      0       0.0061       0.8884
   27176.2087   10594.7050 171401      0      0       0.0067       0.8829
   27431.2087   10694.1173 170507      0      0       0.0073       0.8787
   27686.2087   10793.5296 169526      0      0       0.0078       0.8742
   27944.2087   10894.1115 168300      0      0       0.0083       0.8689
   28199.2087   10993.5238 167050      0      0       0.0089       0.8634
   28454.2087   11092.9361 166208      0      0       0.0094       0.8595
   28709.2087   11192.3484 165393      0      0       0.0099       0.8557
   28964.2087   11291.7608 164458      0      0       0.0104       0.8515
   29219.2087   11391.1731 163416      0      0       0.0110       0.8468
   29474.2087   11490.5854 162629      0      0       0.0115       0.8432
   29729.2087   11589.9977 161827      0      0       0.0120       0.8395
   29984.2087   11689.4100 161004      0      0       0.0125       0.8357
   30239.2087   11788.8223 160180      0      0       0.0130       0.8319
   30494.2087   11888.2346 159441      0      0       0.0135       0.8284
   30749.2087   11987.6469 158591      0      0       0.0139       0.8246
   31004.2087   12087.0593 157901      0      0       0.0144       0.8214
   31262.2087   12187.6411 157159      0      0       0.0149       0.8180
   31517.2087   12287.0534 156375      0      0       0.0153       0.8144
   31772.2087   12386.4658 155625      0      0       0.0157       0.8110
   32027.2087   12485.8781 154983      0      0       0.0162       0.8081
   32282.2087   12585.2904 154357      0      0       0.0166       0.8052
   32537.2087   12684.7027 153659      0      0       0.0170       0.8020
   32792.2087   12784.1150 152796      0      0       0.0175       0.7980
   33047.2087   12883.5273 152214      0      0       0.0179       0.7952
   33302.2087   12982.9396 151512      0      0       0.0183       0.7919
   33557.2087   13082.3520 150965      0      0       0.0187       0.7893
   33812.2087   13181.7643 150548      0      0       0.0191       0.7873
   34067.2087   13281.1766 149957      0      0       0.0195       0.7846
   34322.2087   13380.5889 149196      0      0       0.0199       0.7812
   34577.2087   13480.0012 148626      0      0       0.0203       0.7786
   34628.7400   13500.0908 148589      0      0       0.0203       0.7783
