    9500.0000    3703.5960 1   0.182891E-02  0.592957E-03 -0.848950E-02  0.510349E-03  0.402292E-03 -0.113273E-03
    9500.0000    3703.5960 2   0.108224E+03 -0.881258E+03  0.305880E+03  0.154392E+02  0.959570E+01 -0.140610E+02
   24626.2087    9600.5819 1  -0.884462E-02  0.139512E-01  0.827448E-02 -0.115469E-02 -0.949554E-03  0.327870E-03
   24626.2087    9600.5819 2  -0.708834E+03  0.181503E+03  0.435118E+03  0.191468E+01 -0.211501E+02 -0.992574E+01
   24881.2087    9699.9942 1   0.138621E+00 -0.286897E-01  0.278094E-01 -0.810955E-02  0.104996E-01  0.974021E-02
   24881.2087    9699.9942 2   0.415882E+03  0.503625E+03  0.460626E+03 -0.226418E+02  0.779410E+01 -0.218843E+01
   25136.2087    9799.4065 1  -0.187196E+00 -0.250643E+00 -0.950387E-01  0.361105E-01  0.480338E-01  0.254593E-01
   25136.2087    9799.4065 2   0.294905E+03 -0.558049E+03  0.369819E+03  0.166096E+02  0.182277E+02  0.740663E+01
   25391.2087    9898.8188 1  -0.188668E+00  0.417517E+00 -0.375861E+00  0.112224E+00 -0.111330E+00  0.262157E+00
   25391.2087    9898.8188 2  -0.628220E+03 -0.114997E+03  0.194050E+03  0.817353E+01 -0.218148E+02  0.161616E+02
   25646.2087    9998.2311 1   0.548979E+00 -0.122625E+00 -0.631298E+00 -0.193629E+00  0.545554E-01  0.707296E+00
   25646.2087    9998.2311 2   0.467861E+02  0.656865E+03 -0.377399E+02 -0.219306E+02  0.510729E+01  0.198228E+02
   25901.2087   10097.6434 1  -0.581172E+00 -0.539199E+00 -0.537978E+00  0.298894E+00  0.213210E+00  0.451897E+00
   25901.2087   10097.6434 2   0.633974E+03 -0.235729E+03 -0.271358E+03  0.165960E+02  0.169285E+02  0.121059E+02
   26156.2087   10197.0558 1  -0.313740E+00  0.941843E+00 -0.174427E+00  0.239490E+00 -0.424220E+00  0.214102E+00
   26156.2087   10197.0558 2  -0.464844E+03 -0.514456E+03 -0.439629E+03  0.837472E+01 -0.222354E+02  0.225713E+01
   26411.2087   10296.4681 1   0.106394E+01 -0.549212E-01  0.326192E+00 -0.510952E+00 -0.312072E+00 -0.943772E-01
   26411.2087   10296.4681 2  -0.273977E+03  0.693500E+03 -0.492020E+03 -0.215016E+02  0.974362E+00 -0.632478E+01
   26666.2087   10395.8804 1  -0.475887E+00 -0.902108E+00  0.898090E+00 -0.245440E+00  0.551526E+00 -0.737976E+00
   26666.2087   10395.8804 2   0.859102E+03 -0.841219E+02 -0.394549E+03  0.903825E+01  0.161612E+02 -0.122824E+02
   26921.2087   10495.2927 1  -0.426299E+00  0.937270E+00  0.148824E+01  0.409317E+00 -0.147092E+00 -0.158347E+01
   26921.2087   10495.2927 2  -0.520767E+03 -0.864891E+03 -0.964406E+02  0.764934E+01 -0.154168E+02 -0.155897E+02
   27176.2087   10594.7050 1   0.135687E+01 -0.342783E+00  0.109813E+01 -0.663464E+00 -0.376254E-01 -0.114494E+01
   27176.2087   10594.7050 2  -0.587230E+03  0.889611E+03  0.333957E+03 -0.180097E+02  0.234530E+01 -0.825587E+01
   27431.2087   10694.1173 1  -0.895265E+00 -0.127493E+01  0.200839E+00  0.814763E-01  0.822877E+00 -0.260437E+00
   27431.2087   10694.1173 2   0.105064E+04  0.727444E+02  0.598923E+03  0.878648E+01  0.145469E+02  0.248313E+00
   27686.2087   10793.5296 1  -0.914266E+00  0.116008E+01 -0.819279E+00  0.840568E+00 -0.113606E+00  0.674817E+00
   27686.2087   10793.5296 2  -0.534930E+03 -0.965375E+03  0.628718E+03  0.867304E+01 -0.117243E+02  0.636871E+01
   27944.2087   10894.1115 1   0.114879E+01  0.368765E+00 -0.189256E+01 -0.287867E+00 -0.627824E+00  0.163671E+01
   27944.2087   10894.1115 2  -0.657506E+03  0.107870E+04  0.412387E+03 -0.120298E+02 -0.253665E+01  0.102903E+02
   28199.2087   10993.5238 1  -0.791364E+00 -0.112054E+01 -0.271320E+01  0.164674E+00  0.600085E+00  0.219090E+01
   28199.2087   10993.5238 2   0.136301E+04  0.767068E+02 -0.128739E+03  0.555349E+01  0.110567E+02  0.113714E+02
   28454.2087   11092.9361 1  -0.839096E+00  0.165032E+01 -0.135216E+01  0.637536E+00 -0.739511E+00  0.104943E+01
   28454.2087   11092.9361 2  -0.575255E+03 -0.117033E+04 -0.589983E+03  0.744472E+01 -0.103114E+02  0.412516E+01
   28709.2087   11192.3484 1   0.184361E+01  0.600946E+00  0.211666E+00 -0.942313E+00 -0.572463E+00 -0.315717E+00
   28709.2087   11192.3484 2  -0.632605E+03  0.109477E+04 -0.743365E+03 -0.113410E+02 -0.352287E+01 -0.165458E+01
   28964.2087   11291.7608 1   0.328448E+00 -0.178681E+01  0.206605E+01 -0.266608E+00  0.105103E+01 -0.180643E+01
   28964.2087   11291.7608 2   0.135425E+04 -0.889109E+02 -0.570999E+03  0.429188E+00  0.107855E+02 -0.671825E+01
   29219.2087   11391.1731 1  -0.129982E+01  0.713665E+00  0.434897E+01  0.859229E+00 -0.583219E+00 -0.313893E+01
   29219.2087   11391.1731 2  -0.803400E+03 -0.122512E+04 -0.572580E+02  0.818426E+01 -0.574766E+01 -0.117076E+02
   29474.2087   11490.5854 1   0.205429E+01  0.336991E+00  0.299467E+01 -0.140488E+01 -0.288280E+00 -0.222907E+01
   29474.2087   11490.5854 2  -0.647879E+03  0.122919E+04  0.511704E+03 -0.100631E+02 -0.351127E+01 -0.718014E+01
   29729.2087   11589.9977 1  -0.476314E-01 -0.270819E+01  0.857464E+00  0.160493E+00  0.175461E+01 -0.721856E+00
   29729.2087   11589.9977 2   0.128112E+04 -0.121029E+03  0.745667E+03  0.115111E+00  0.114201E+02 -0.198430E+01
   29984.2087   11689.4100 1  -0.311161E+01  0.432245E+00 -0.171918E+01  0.185264E+01 -0.732339E+00  0.108894E+01
   29984.2087   11689.4100 2  -0.842002E+03 -0.101013E+04  0.646180E+03  0.114019E+02 -0.371379E+01  0.346541E+01
   30239.2087   11788.8223 1   0.145517E+01  0.259679E+01 -0.501671E+01 -0.156186E+01 -0.138320E+01  0.296642E+01
   30239.2087   11788.8223 2  -0.476595E+03  0.131559E+04  0.224250E+03 -0.803130E+01 -0.855759E+01  0.100918E+02
   30494.2087   11888.2346 1   0.255873E+00 -0.276661E+01 -0.514995E+01 -0.825380E-01  0.225993E+01  0.302384E+01
   30494.2087   11888.2346 2   0.131865E+04 -0.190547E+03 -0.361350E+03 -0.149336E+01  0.113214E+02  0.103472E+02
   30749.2087   11987.6469 1  -0.373358E+01  0.144372E+01 -0.271953E+01  0.253265E+01 -0.106322E+01  0.172813E+01
   30749.2087   11987.6469 2  -0.757124E+03 -0.913613E+03 -0.655482E+03  0.123325E+02 -0.446065E+01  0.588513E+01
   31004.2087   12087.0593 1   0.312797E+01  0.427086E+01  0.371789E+00 -0.225096E+01 -0.237112E+01 -0.529330E-01
   31004.2087   12087.0593 2  -0.325177E+03  0.109219E+04 -0.644771E+03 -0.100021E+02 -0.114409E+02  0.195719E+00
   31262.2087   12187.6411 1   0.360829E+01 -0.496141E+01  0.423550E+01 -0.159842E+01  0.336378E+01 -0.200174E+01
   31262.2087   12187.6411 2   0.111508E+04 -0.238970E+03 -0.388360E+03 -0.793145E+01  0.148328E+02 -0.699849E+01
   31517.2087   12287.0534 1  -0.550610E+01  0.355102E-01  0.834079E+01  0.370998E+01 -0.498031E+00 -0.367981E+01
   31517.2087   12287.0534 2  -0.691160E+03 -0.862818E+03  0.723581E+02  0.158916E+02 -0.134974E+01 -0.147621E+02
   31772.2087   12386.4658 1   0.418232E+01  0.477936E+01  0.629605E+01 -0.272491E+01 -0.317578E+01 -0.278235E+01
   31772.2087   12386.4658 2  -0.398030E+03  0.870096E+03  0.418744E+03 -0.109029E+02 -0.129585E+02 -0.117095E+02
   32027.2087   12485.8781 1   0.331638E+01 -0.766625E+01  0.309864E+01 -0.195870E+01  0.459588E+01 -0.125262E+01
   32027.2087   12485.8781 2   0.829624E+03 -0.653979E+02  0.530725E+03 -0.776195E+01  0.182637E+02 -0.622760E+01
   32282.2087   12585.2904 1  -0.100322E+02 -0.435599E+00 -0.148910E+01  0.573855E+01 -0.705302E-01  0.744967E+00
   32282.2087   12585.2904 2  -0.425654E+03 -0.654213E+03  0.463024E+03  0.223312E+02 -0.823114E-01  0.185418E+01
   32537.2087   12684.7027 1   0.384366E+01  0.966794E+01 -0.726043E+01 -0.270086E+01 -0.538870E+01  0.298606E+01
   32537.2087   12684.7027 2  -0.412568E+03  0.635806E+03  0.256078E+03 -0.972470E+01 -0.205091E+02  0.118352E+02
   32792.2087   12784.1150 1   0.547821E+01 -0.831710E+01 -0.118867E+02 -0.307256E+01  0.519701E+01  0.436996E+01
   32792.2087   12784.1150 2   0.685354E+03  0.173916E+03 -0.226013E+02 -0.114908E+02  0.184517E+02  0.194809E+02
   33047.2087   12883.5273 1  -0.112228E+02  0.483035E+00 -0.960138E+01  0.659999E+01 -0.142975E+00  0.309543E+01
   33047.2087   12883.5273 2  -0.228304E+02 -0.636509E+03 -0.247042E+03  0.229897E+02 -0.492640E+00  0.152262E+02
   33302.2087   12982.9396 1   0.637684E+01  0.115703E+02 -0.496670E+01 -0.339743E+01 -0.647499E+01  0.127910E+01
   33302.2087   12982.9396 2  -0.558063E+03  0.199276E+03 -0.385970E+03 -0.116087E+02 -0.220962E+02  0.724956E+01
   33557.2087   13082.3520 1   0.880206E+01 -0.108069E+02  0.117055E+01 -0.466556E+01  0.590231E+01 -0.738064E+00
   33557.2087   13082.3520 2   0.387392E+03  0.453177E+03 -0.439471E+03 -0.157544E+02  0.193728E+02 -0.226204E+01
   33812.2087   13181.7643 1  -0.123716E+02 -0.365605E+01  0.715946E+01  0.694480E+01  0.161323E+01 -0.244690E+01
   33812.2087   13181.7643 2   0.303177E+03 -0.586794E+03 -0.392430E+03  0.219174E+02  0.588246E+01 -0.105129E+02
   34067.2087   13281.1766 1   0.256854E+01  0.110192E+02  0.120172E+02 -0.192916E+01 -0.637045E+01 -0.367018E+01
   34067.2087   13281.1766 2  -0.771005E+03 -0.779009E+02 -0.228159E+03 -0.500296E+01 -0.194994E+02 -0.159836E+02
   34322.2087   13380.5889 1   0.703961E+01 -0.951157E+01  0.133712E+02 -0.426878E+01  0.532901E+01 -0.339283E+01
   34322.2087   13380.5889 2   0.241493E+03  0.850000E+03  0.916312E+02 -0.128202E+02  0.155169E+02 -0.155851E+02
   34577.2087   13480.0012 1  -0.132462E+02 -0.153274E+01  0.592428E+01  0.683989E+01  0.127956E+01 -0.114135E+01
   34577.2087   13480.0012 2   0.697836E+03 -0.593717E+03  0.413158E+03  0.201539E+02  0.383853E+01 -0.547638E+01
   34628.7400   13500.0908 1  -0.282373E+01 -0.484490E+01  0.130263E+02  0.216886E+01  0.362913E+01 -0.290052E+01
   34628.7400   13500.0908 2   0.137241E+04 -0.208600E+03 -0.119027E+03  0.537363E+01  0.985384E+01 -0.120373E+02
