    9500.0000    3703.5960  0.442289E-01    0.706887E-01    0.909340E-01    0.108335E+00    0.125207E+00    0.141083E+00    0.155733E+00    0.170152E+00    0.184806E+00    0.198816E+00    0.350231E+00    0.527262E+00    0.735725E+00    0.993448E+00    0.132732E+01    0.178350E+01    0.249524E+01    0.392581E+01    0.104142E+02
   24626.2087    9600.5819  0.655790E-01    0.881846E-01    0.106639E+00    0.122441E+00    0.137559E+00    0.152282E+00    0.166244E+00    0.179868E+00    0.193307E+00    0.207237E+00    0.349519E+00    0.512782E+00    0.706483E+00    0.949478E+00    0.125823E+01    0.167953E+01    0.230448E+01    0.351547E+01    0.118458E+02
   24881.2087    9699.9942  0.661265E-01    0.888758E-01    0.106801E+00    0.122730E+00    0.137612E+00    0.151923E+00    0.166096E+00    0.179221E+00    0.192526E+00    0.206272E+00    0.345177E+00    0.502170E+00    0.690632E+00    0.923517E+00    0.122050E+01    0.161982E+01    0.220957E+01    0.329781E+01    0.105911E+02
   25136.2087    9799.4065  0.663551E-01    0.881849E-01    0.105763E+00    0.121981E+00    0.136303E+00    0.150235E+00    0.163928E+00    0.177392E+00    0.190349E+00    0.203203E+00    0.340760E+00    0.498773E+00    0.687838E+00    0.918025E+00    0.120999E+01    0.159512E+01    0.217483E+01    0.324042E+01    0.919818E+01
   25391.2087    9898.8188  0.660757E-01    0.890023E-01    0.107250E+00    0.122950E+00    0.136851E+00    0.150462E+00    0.163585E+00    0.176989E+00    0.189807E+00    0.202743E+00    0.336560E+00    0.492373E+00    0.675257E+00    0.900263E+00    0.118401E+01    0.155737E+01    0.209288E+01    0.300440E+01    0.804666E+01
   25646.2087    9998.2311  0.663510E-01    0.884811E-01    0.106762E+00    0.121897E+00    0.135365E+00    0.148628E+00    0.162082E+00    0.175459E+00    0.188475E+00    0.201088E+00    0.333841E+00    0.485684E+00    0.666682E+00    0.888468E+00    0.116628E+01    0.153696E+01    0.206499E+01    0.299091E+01    0.764965E+01
   25901.2087   10097.6434  0.662866E-01    0.880250E-01    0.105756E+00    0.121601E+00    0.135560E+00    0.149674E+00    0.163096E+00    0.176001E+00    0.188847E+00    0.200834E+00    0.331386E+00    0.483098E+00    0.664679E+00    0.885704E+00    0.116254E+01    0.152999E+01    0.205602E+01    0.296537E+01    0.889606E+01
   26156.2087   10197.0558  0.666649E-01    0.880395E-01    0.105401E+00    0.121896E+00    0.135909E+00    0.148668E+00    0.162071E+00    0.175083E+00    0.187261E+00    0.199536E+00    0.330001E+00    0.479926E+00    0.659802E+00    0.881084E+00    0.115708E+01    0.151973E+01    0.204749E+01    0.295969E+01    0.106483E+02
   26411.2087   10296.4681  0.673940E-01    0.885251E-01    0.105674E+00    0.120654E+00    0.134449E+00    0.147651E+00    0.160930E+00    0.173344E+00    0.185878E+00    0.198401E+00    0.328019E+00    0.479574E+00    0.655646E+00    0.874164E+00    0.115091E+01    0.151414E+01    0.203975E+01    0.294635E+01    0.123328E+02
   26666.2087   10395.8804  0.666360E-01    0.894754E-01    0.106384E+00    0.120709E+00    0.134692E+00    0.148172E+00    0.161015E+00    0.173674E+00    0.186231E+00    0.199058E+00    0.325833E+00    0.472978E+00    0.651656E+00    0.869553E+00    0.114268E+01    0.150170E+01    0.202021E+01    0.292932E+01    0.131841E+02
   26921.2087   10495.2927  0.664672E-01    0.885628E-01    0.105452E+00    0.121040E+00    0.135264E+00    0.147960E+00    0.160851E+00    0.172187E+00    0.184278E+00    0.196080E+00    0.322335E+00    0.469791E+00    0.647282E+00    0.862053E+00    0.112787E+01    0.147957E+01    0.197410E+01    0.278742E+01    0.129181E+02
   27176.2087   10594.7050  0.676282E-01    0.879621E-01    0.105662E+00    0.120656E+00    0.134042E+00    0.146973E+00    0.159400E+00    0.171513E+00    0.183826E+00    0.196372E+00    0.322771E+00    0.468774E+00    0.644412E+00    0.858826E+00    0.112771E+01    0.147709E+01    0.197947E+01    0.283746E+01    0.151261E+02
   27431.2087   10694.1173  0.665298E-01    0.873762E-01    0.104337E+00    0.118925E+00    0.132641E+00    0.145551E+00    0.158314E+00    0.170731E+00    0.183409E+00    0.195638E+00    0.320309E+00    0.465666E+00    0.643351E+00    0.854470E+00    0.112240E+01    0.147262E+01    0.197463E+01    0.282214E+01    0.181676E+02
   27686.2087   10793.5296  0.665999E-01    0.887247E-01    0.105826E+00    0.120171E+00    0.134142E+00    0.147184E+00    0.159993E+00    0.172136E+00    0.183778E+00    0.195932E+00    0.320283E+00    0.466160E+00    0.639171E+00    0.849788E+00    0.111243E+01    0.145955E+01    0.196317E+01    0.280943E+01    0.197994E+02
   27944.2087   10894.1115  0.683342E-01    0.889000E-01    0.106004E+00    0.120931E+00    0.134669E+00    0.147232E+00    0.158689E+00    0.170923E+00    0.182586E+00    0.194265E+00    0.316613E+00    0.460205E+00    0.633119E+00    0.843081E+00    0.110244E+01    0.144848E+01    0.194333E+01    0.276642E+01    0.195126E+02
   28199.2087   10993.5238  0.663578E-01    0.874040E-01    0.104443E+00    0.119660E+00    0.132929E+00    0.145682E+00    0.157748E+00    0.170061E+00    0.181814E+00    0.193744E+00    0.318412E+00    0.463117E+00    0.633160E+00    0.844270E+00    0.110237E+01    0.144503E+01    0.192611E+01    0.272766E+01    0.184782E+02
   28454.2087   11092.9361  0.675229E-01    0.880854E-01    0.104954E+00    0.119202E+00    0.132286E+00    0.145314E+00    0.157136E+00    0.169716E+00    0.181225E+00    0.192930E+00    0.313809E+00    0.456986E+00    0.628237E+00    0.834976E+00    0.109206E+01    0.142986E+01    0.191499E+01    0.271601E+01    0.220128E+02
   28709.2087   11192.3484  0.667463E-01    0.881198E-01    0.104515E+00    0.119579E+00    0.132542E+00    0.144769E+00    0.157123E+00    0.169128E+00    0.181020E+00    0.192684E+00    0.313642E+00    0.455829E+00    0.625985E+00    0.830613E+00    0.108787E+01    0.142447E+01    0.190276E+01    0.270140E+01    0.239382E+02
   28964.2087   11291.7608  0.671675E-01    0.883244E-01    0.104353E+00    0.119372E+00    0.132747E+00    0.145697E+00    0.157898E+00    0.170136E+00    0.181258E+00    0.192768E+00    0.312718E+00    0.453485E+00    0.621492E+00    0.827608E+00    0.108221E+01    0.142092E+01    0.189490E+01    0.269004E+01    0.227458E+02
   29219.2087   11391.1731  0.671571E-01    0.874502E-01    0.103782E+00    0.118893E+00    0.132359E+00    0.144816E+00    0.156868E+00    0.169187E+00    0.181053E+00    0.192385E+00    0.311489E+00    0.447698E+00    0.614901E+00    0.819254E+00    0.107552E+01    0.140595E+01    0.187299E+01    0.262881E+01    0.197466E+02
   29474.2087   11490.5854  0.656310E-01    0.864790E-01    0.102990E+00    0.117444E+00    0.130575E+00    0.143397E+00    0.155615E+00    0.168213E+00    0.180307E+00    0.191749E+00    0.311488E+00    0.449495E+00    0.613936E+00    0.821657E+00    0.107684E+01    0.140861E+01    0.187946E+01    0.266120E+01    0.224413E+02
   29729.2087   11589.9977  0.667335E-01    0.879323E-01    0.104221E+00    0.118603E+00    0.131830E+00    0.144182E+00    0.156511E+00    0.167806E+00    0.179637E+00    0.191435E+00    0.309642E+00    0.447617E+00    0.614544E+00    0.820044E+00    0.107070E+01    0.140431E+01    0.187205E+01    0.263832E+01    0.241852E+02
   29984.2087   11689.4100  0.666719E-01    0.869915E-01    0.103219E+00    0.117715E+00    0.130746E+00    0.143211E+00    0.154954E+00    0.166992E+00    0.178814E+00    0.190127E+00    0.307741E+00    0.444461E+00    0.613283E+00    0.816046E+00    0.106933E+01    0.139621E+01    0.185699E+01    0.262306E+01    0.228977E+02
   30239.2087   11788.8223  0.654760E-01    0.878717E-01    0.104216E+00    0.118402E+00    0.131626E+00    0.144061E+00    0.155425E+00    0.166783E+00    0.178188E+00    0.189940E+00    0.308240E+00    0.445693E+00    0.613196E+00    0.815100E+00    0.106660E+01    0.139102E+01    0.185153E+01    0.261582E+01    0.194771E+02
   30494.2087   11888.2346  0.664742E-01    0.871910E-01    0.104256E+00    0.118344E+00    0.130924E+00    0.142787E+00    0.155235E+00    0.166865E+00    0.177879E+00    0.189063E+00    0.305498E+00    0.442407E+00    0.606737E+00    0.812008E+00    0.106415E+01    0.138595E+01    0.184603E+01    0.259788E+01    0.197174E+02
   30749.2087   11987.6469  0.665843E-01    0.870974E-01    0.103407E+00    0.117709E+00    0.130266E+00    0.143049E+00    0.154614E+00    0.166182E+00    0.178010E+00    0.188769E+00    0.303335E+00    0.440416E+00    0.607504E+00    0.805989E+00    0.105552E+01    0.137476E+01    0.183681E+01    0.258049E+01    0.210877E+02
   31004.2087   12087.0593  0.679668E-01    0.883614E-01    0.104362E+00    0.118622E+00    0.131012E+00    0.142703E+00    0.153984E+00    0.164813E+00    0.176094E+00    0.187482E+00    0.301284E+00    0.436519E+00    0.604313E+00    0.803962E+00    0.105021E+01    0.137169E+01    0.182759E+01    0.258635E+01    0.198211E+02
   31262.2087   12187.6411  0.650841E-01    0.852761E-01    0.102048E+00    0.116401E+00    0.129754E+00    0.142140E+00    0.153717E+00    0.164760E+00    0.176043E+00    0.187661E+00    0.302120E+00    0.439102E+00    0.602584E+00    0.803802E+00    0.105092E+01    0.136829E+01    0.181848E+01    0.256532E+01    0.163749E+02
   31517.2087   12287.0534  0.657787E-01    0.868298E-01    0.102074E+00    0.116113E+00    0.128814E+00    0.140975E+00    0.152905E+00    0.164388E+00    0.175335E+00    0.186025E+00    0.301433E+00    0.433210E+00    0.595532E+00    0.794507E+00    0.104446E+01    0.136336E+01    0.180636E+01    0.254280E+01    0.138040E+02
   31772.2087   12386.4658  0.655623E-01    0.861122E-01    0.102771E+00    0.116855E+00    0.129772E+00    0.142151E+00    0.153707E+00    0.165324E+00    0.177057E+00    0.188076E+00    0.302971E+00    0.437511E+00    0.598731E+00    0.797323E+00    0.104507E+01    0.136099E+01    0.180482E+01    0.253463E+01    0.144442E+02
   32027.2087   12485.8781  0.646306E-01    0.862631E-01    0.101694E+00    0.114763E+00    0.128287E+00    0.140544E+00    0.152322E+00    0.163280E+00    0.174334E+00    0.185753E+00    0.299655E+00    0.433431E+00    0.594943E+00    0.793040E+00    0.103524E+01    0.134720E+01    0.179428E+01    0.252986E+01    0.136225E+02
   32282.2087   12585.2904  0.655250E-01    0.864994E-01    0.102115E+00    0.115744E+00    0.128325E+00    0.140412E+00    0.152332E+00    0.164225E+00    0.174857E+00    0.185921E+00    0.299530E+00    0.433238E+00    0.593813E+00    0.791924E+00    0.103538E+01    0.135535E+01    0.179544E+01    0.252122E+01    0.117130E+02
   32537.2087   12684.7027  0.649898E-01    0.852552E-01    0.101428E+00    0.115513E+00    0.128365E+00    0.139972E+00    0.151348E+00    0.162387E+00    0.172870E+00    0.183257E+00    0.296569E+00    0.429499E+00    0.592268E+00    0.788833E+00    0.103768E+01    0.135306E+01    0.179969E+01    0.253205E+01    0.949996E+01
   32792.2087   12784.1150  0.650437E-01    0.855278E-01    0.102076E+00    0.115672E+00    0.128143E+00    0.140123E+00    0.151650E+00    0.162297E+00    0.173202E+00    0.183573E+00    0.294754E+00    0.424168E+00    0.583261E+00    0.776959E+00    0.101898E+01    0.132817E+01    0.175569E+01    0.245405E+01    0.792266E+01
   33047.2087   12883.5273  0.641428E-01    0.856300E-01    0.101855E+00    0.115420E+00    0.128087E+00    0.139654E+00    0.151168E+00    0.161780E+00    0.172017E+00    0.182617E+00    0.294857E+00    0.424986E+00    0.581592E+00    0.776716E+00    0.102355E+01    0.133174E+01    0.176604E+01    0.247142E+01    0.799679E+01
   33302.2087   12982.9396  0.649826E-01    0.854443E-01    0.102187E+00    0.115533E+00    0.128237E+00    0.140172E+00    0.151465E+00    0.162029E+00    0.173154E+00    0.183961E+00    0.293278E+00    0.424573E+00    0.582730E+00    0.775498E+00    0.101431E+01    0.132657E+01    0.175389E+01    0.246473E+01    0.839367E+01
   33557.2087   13082.3520  0.639450E-01    0.845223E-01    0.100198E+00    0.114298E+00    0.126792E+00    0.138168E+00    0.149490E+00    0.160239E+00    0.171185E+00    0.181263E+00    0.292376E+00    0.421292E+00    0.579259E+00    0.771200E+00    0.101254E+01    0.132166E+01    0.176234E+01    0.247621E+01    0.893264E+01
   33812.2087   13181.7643  0.642434E-01    0.839292E-01    0.100078E+00    0.114000E+00    0.126137E+00    0.137665E+00    0.149115E+00    0.160053E+00    0.171420E+00    0.182119E+00    0.293718E+00    0.423013E+00    0.581717E+00    0.776311E+00    0.101987E+01    0.132960E+01    0.176283E+01    0.247914E+01    0.952290E+01
   34067.2087   13281.1766  0.640755E-01    0.839584E-01    0.996074E-01    0.113742E+00    0.125880E+00    0.138034E+00    0.149204E+00    0.159930E+00    0.170877E+00    0.181342E+00    0.291779E+00    0.421339E+00    0.579014E+00    0.774097E+00    0.101627E+01    0.133291E+01    0.176526E+01    0.248676E+01    0.983492E+01
   34322.2087   13380.5889  0.636601E-01    0.841075E-01    0.992572E-01    0.113070E+00    0.126080E+00    0.137905E+00    0.149328E+00    0.159796E+00    0.170129E+00    0.181315E+00    0.289526E+00    0.418024E+00    0.574019E+00    0.768139E+00    0.100591E+01    0.131133E+01    0.173642E+01    0.244122E+01    0.103498E+02
   34577.2087   13480.0012  0.654179E-01    0.851846E-01    0.100993E+00    0.114903E+00    0.127318E+00    0.138654E+00    0.149558E+00    0.160857E+00    0.171413E+00    0.181626E+00    0.288907E+00    0.416341E+00    0.571388E+00    0.764689E+00    0.100676E+01    0.130964E+01    0.173623E+01    0.243731E+01    0.129925E+02
   34628.7400   13500.0908  0.638421E-01    0.839326E-01    0.990834E-01    0.112858E+00    0.124976E+00    0.136934E+00    0.148242E+00    0.158481E+00    0.169303E+00    0.179878E+00    0.289218E+00    0.415717E+00    0.573324E+00    0.763707E+00    0.100519E+01    0.131418E+01    0.174289E+01    0.244259E+01    0.182279E+02
