    9500.0000    3703.5960     0.979570       0.890157       0.861650       0.844763       0.829916       0.815188       0.799232       0.802101       0.778062       0.783640       0.738970       0.683261       0.640767       0.602896       0.569380       0.543424       0.516691       0.486488       0.460079       0.588407
   24626.2087    9600.5819     0.941628       0.874221       0.868259       0.838098       0.830826       0.820175       0.816642       0.801470       0.801979       0.768235       0.739936       0.688085       0.647118       0.608552       0.576258       0.547867       0.522684       0.491700       0.465464       0.593515
   24881.2087    9699.9942     0.925530       0.881017       0.856299       0.853825       0.825749       0.822645       0.803887       0.808244       0.783560       0.775587       0.740349       0.693074       0.650635       0.612712       0.581844       0.549495       0.524774       0.495632       0.468356       0.596577
   25136.2087    9799.4065     0.919920       0.880832       0.859253       0.852978       0.834465       0.840975       0.804428       0.799944       0.803116       0.788444       0.743944       0.689900       0.649971       0.611415       0.582404       0.554871       0.528629       0.499177       0.468794       0.598429
   25391.2087    9898.8188     0.914617       0.869818       0.852345       0.839626       0.836988       0.830354       0.810186       0.802398       0.792194       0.784923       0.750371       0.692366       0.649213       0.612765       0.584169       0.556996       0.527588       0.501330       0.473497       0.600209
   25646.2087    9998.2311     0.922111       0.875083       0.859259       0.850746       0.825752       0.814114       0.805175       0.800450       0.796444       0.799153       0.744787       0.696282       0.653098       0.614913       0.582818       0.555825       0.531884       0.504673       0.476140       0.601922
   25901.2087   10097.6434     0.908710       0.877962       0.865136       0.836687       0.835198       0.824552       0.820642       0.799746       0.801273       0.793164       0.751344       0.693139       0.651286       0.616127       0.585238       0.556762       0.529342       0.508317       0.476277       0.602744
   26156.2087   10197.0558     0.912358       0.865228       0.868943       0.862025       0.819155       0.813896       0.816547       0.810338       0.795314       0.790631       0.748425       0.694486       0.652181       0.615696       0.589299       0.557434       0.530920       0.505656       0.479337       0.603460
   26411.2087   10296.4681     0.906162       0.869432       0.860329       0.849345       0.823175       0.816572       0.814603       0.810845       0.799105       0.794067       0.750768       0.693541       0.653200       0.619870       0.587281       0.559016       0.531355       0.506835       0.477312       0.603856
   26666.2087   10395.8804     0.902084       0.869189       0.862057       0.844529       0.825593       0.827915       0.810558       0.816574       0.793099       0.775911       0.752872       0.693405       0.653556       0.619135       0.590319       0.558802       0.533742       0.506062       0.478669       0.604559
   26921.2087   10495.2927     0.903388       0.863676       0.846347       0.848924       0.826454       0.827429       0.816553       0.812578       0.802688       0.789509       0.752992       0.693625       0.653633       0.621480       0.585501       0.558209       0.535331       0.510092       0.481292       0.605497
   27176.2087   10594.7050     0.905739       0.879428       0.855629       0.840296       0.830569       0.827003       0.809396       0.806532       0.800640       0.784370       0.752322       0.695919       0.655323       0.619987       0.588851       0.559693       0.536554       0.507867       0.482374       0.606167
   27431.2087   10694.1173     0.895632       0.863058       0.850002       0.832611       0.832209       0.831444       0.812396       0.803885       0.796224       0.788989       0.753416       0.698979       0.652289       0.623464       0.588926       0.559442       0.535279       0.510463       0.481615       0.606444
   27686.2087   10793.5296     0.908802       0.866286       0.850229       0.853825       0.828089       0.808992       0.813906       0.791526       0.808260       0.786445       0.755033       0.699212       0.654842       0.620721       0.588228       0.562270       0.535833       0.508482       0.483306       0.606872
   27944.2087   10894.1115     0.891655       0.860433       0.856891       0.851555       0.835200       0.832154       0.826759       0.795709       0.801770       0.791910       0.749136       0.700003       0.652547       0.624925       0.592688       0.563167       0.536188       0.510436       0.481620       0.607552
   28199.2087   10993.5238     0.895490       0.871957       0.857009       0.832940       0.837480       0.814927       0.814648       0.802260       0.795022       0.802846       0.752208       0.697454       0.657177       0.622285       0.591718       0.564005       0.538158       0.511080       0.483278       0.608202
   28454.2087   11092.9361     0.892655       0.877368       0.860060       0.845171       0.834135       0.810860       0.811525       0.789914       0.804428       0.783662       0.752509       0.700501       0.656999       0.622690       0.591920       0.564654       0.536910       0.513263       0.482842       0.608556
   28709.2087   11192.3484     0.893474       0.859940       0.855545       0.848674       0.841202       0.822089       0.807083       0.813580       0.785564       0.795789       0.755374       0.695967       0.658791       0.623230       0.591957       0.564027       0.539749       0.511780       0.483531       0.608883
   28964.2087   11291.7608     0.902549       0.866956       0.861602       0.837485       0.828832       0.824923       0.827496       0.798271       0.807620       0.798436       0.754357       0.694742       0.659999       0.621746       0.593707       0.563391       0.539539       0.511892       0.485674       0.609292
   29219.2087   11391.1731     0.899076       0.864241       0.845656       0.835932       0.828606       0.828211       0.818655       0.807795       0.796357       0.789914       0.751406       0.701366       0.659336       0.621284       0.592401       0.565025       0.540472       0.515799       0.484465       0.609821
   29474.2087   11490.5854     0.900133       0.857863       0.850236       0.847265       0.840942       0.826559       0.822392       0.807424       0.789450       0.781764       0.758326       0.699528       0.659838       0.620797       0.592022       0.566692       0.539904       0.512583       0.486710       0.610154
   29729.2087   11589.9977     0.897187       0.870462       0.848041       0.837873       0.826607       0.826436       0.820549       0.808785       0.801569       0.789496       0.754271       0.699803       0.658694       0.622531       0.595327       0.564662       0.539982       0.514338       0.487495       0.610501
   29984.2087   11689.4100     0.884456       0.870756       0.859387       0.849834       0.835501       0.816156       0.825654       0.808418       0.796148       0.790623       0.756857       0.702631       0.654394       0.625659       0.594766       0.565837       0.539165       0.514232       0.487626       0.610845
   30239.2087   11788.8223     0.903727       0.856939       0.849893       0.841011       0.843266       0.817811       0.819090       0.809966       0.797353       0.795561       0.752119       0.705329       0.659202       0.621357       0.594985       0.568354       0.540800       0.513009       0.488234       0.611173
   30494.2087   11888.2346     0.904923       0.869000       0.846796       0.833813       0.841311       0.838910       0.815814       0.798762       0.818548       0.776914       0.755870       0.699837       0.659405       0.625000       0.592917       0.567610       0.541454       0.514475       0.488594       0.611456
   30749.2087   11987.6469     0.904883       0.855790       0.861808       0.844170       0.843529       0.827138       0.814472       0.802313       0.797205       0.800871       0.756801       0.700153       0.658168       0.623949       0.592413       0.567161       0.544229       0.515976       0.488785       0.611870
   31004.2087   12087.0593     0.883863       0.859375       0.850014       0.834257       0.843707       0.829507       0.819975       0.810599       0.802155       0.792642       0.758475       0.700944       0.659373       0.623892       0.596934       0.569858       0.539001       0.514280       0.490513       0.612172
   31262.2087   12187.6411     0.896913       0.868333       0.853932       0.845675       0.835427       0.815740       0.823051       0.809276       0.811646       0.773650       0.756997       0.701906       0.660513       0.624575       0.593080       0.567283       0.543498       0.516186       0.490670       0.612491
   31517.2087   12287.0534     0.894054       0.863356       0.861113       0.852456       0.837353       0.819546       0.811904       0.808795       0.798427       0.785091       0.755967       0.704110       0.660836       0.623731       0.591503       0.570757       0.542964       0.517942       0.490370       0.612897
   31772.2087   12386.4658     0.894054       0.873295       0.855264       0.838587       0.844096       0.824857       0.812148       0.816544       0.781818       0.798578       0.755241       0.701570       0.658479       0.624112       0.596811       0.569748       0.544390       0.517876       0.491259       0.613293
   32027.2087   12485.8781     0.890965       0.866146       0.863594       0.847799       0.830832       0.809584       0.818493       0.822578       0.801267       0.787355       0.758734       0.700974       0.659467       0.622617       0.598337       0.569435       0.544522       0.517175       0.492055       0.613581
   32282.2087   12585.2904     0.898953       0.863021       0.853988       0.836987       0.836905       0.831315       0.824700       0.804061       0.810910       0.796991       0.756584       0.702225       0.663508       0.624789       0.594973       0.568552       0.544960       0.519259       0.490848       0.613908
   32537.2087   12684.7027     0.906592       0.861902       0.853591       0.840469       0.834921       0.838863       0.817025       0.809868       0.797022       0.799852       0.757754       0.702024       0.657098       0.628825       0.592980       0.570712       0.543310       0.521407       0.492737       0.614227
   32792.2087   12784.1150     0.913725       0.857383       0.840762       0.829604       0.830489       0.827844       0.824614       0.808260       0.810183       0.793845       0.758245       0.700821       0.660895       0.626559       0.598126       0.568810       0.546428       0.519908       0.492377       0.614612
   33047.2087   12883.5273     0.896762       0.861879       0.837077       0.834322       0.832655       0.825681       0.814624       0.812386       0.810767       0.794769       0.761756       0.702376       0.662616       0.623383       0.596729       0.569890       0.546122       0.522601       0.490811       0.614798
   33302.2087   12982.9396     0.890535       0.865434       0.845822       0.841844       0.835698       0.815372       0.816199       0.823859       0.798135       0.790383       0.763464       0.699079       0.657965       0.629331       0.595224       0.571450       0.546423       0.519496       0.494814       0.615084
   33557.2087   13082.3520     0.882563       0.868837       0.852601       0.839291       0.827413       0.814607       0.823912       0.816932       0.814274       0.792453       0.757022       0.703335       0.662058       0.628709       0.597017       0.571519       0.545516       0.520372       0.493190       0.615301
   33812.2087   13181.7643     0.898729       0.873824       0.850821       0.846520       0.842938       0.809027       0.832688       0.805014       0.790340       0.793962       0.757621       0.703843       0.665182       0.626140       0.592972       0.571068       0.549098       0.521256       0.492629       0.615436
   34067.2087   13281.1766     0.902241       0.848736       0.851575       0.843356       0.823827       0.819527       0.826790       0.823216       0.799958       0.785017       0.758879       0.705818       0.661521       0.627730       0.597729       0.570388       0.546384       0.518741       0.496378       0.615729
   34322.2087   13380.5889     0.908645       0.860712       0.861031       0.834807       0.833624       0.812823       0.818141       0.819822       0.806249       0.790387       0.758111       0.707217       0.660913       0.624995       0.597456       0.573581       0.547058       0.521390       0.494990       0.616164
   34577.2087   13480.0012     0.894585       0.873363       0.841612       0.840426       0.842231       0.827126       0.829455       0.805563       0.799057       0.811733       0.756785       0.707374       0.660868       0.629645       0.596744       0.573166       0.545818       0.522315       0.494752       0.616464
   34628.7400   13500.0908     0.879374       0.877689       0.848261       0.840165       0.836109       0.827406       0.805101       0.809281       0.808511       0.799690       0.759392       0.707989       0.661558       0.627578       0.596711       0.572840       0.547945       0.521585       0.494333       0.616425
