  9500.000000  3703.595988  0 108535 0.373092  1  13618 0.094463  2    271 0.002029  3    661 0.004942  4    263 0.001680  5     15 0.000094  6      2 0.000012  7      0 0.000000  8      0 0.000000  9      0 0.000000 10      0 0.000000 11  73581 0.490217 12   2268 0.024721 13    783 0.008530 14      3 0.000220
 24626.208706  9600.581870  0 102762 0.366729  1  13036 0.093027  2    247 0.001900  3    683 0.005241  4    260 0.001702  5     10 0.000064  6      4 0.000023  7      0 0.000000  8      0 0.000000  9      0 0.000000 10      0 0.000000 11  72410 0.497009 12   2255 0.025324 13    780 0.008755 14      3 0.000227
 24881.208706  9699.994183  0  99200 0.362669  1  12644 0.091917  2    200 0.001565  3    714 0.005580  4    229 0.001524  5     16 0.000104  6      1 0.000006  7      0 0.000000  8      0 0.000000  9      0 0.000000 10      0 0.000000 11  71691 0.501771 12   2248 0.025750 13    776 0.008883 14      3 0.000231
 25136.208706  9799.406497  0  97033 0.360232  1  12291 0.090339  2    240 0.001896  3    668 0.005265  4    266 0.001787  5      5 0.000033  6      1 0.000005  7      0 0.000000  8      0 0.000000  9      0 0.000000 10      0 0.000000 11  71311 0.505157 12   2248 0.026070 13    775 0.008982 14      3 0.000234
 25391.208706  9898.818810  0  94952 0.357921  1  11954 0.088816  2    220 0.001755  3    642 0.005108  4    286 0.001936  5     15 0.000099  6      2 0.000013  7      0 0.000000  8      0 0.000000  9      0 0.000000 10      0 0.000000 11  70965 0.508679 12   2244 0.026344 13    775 0.009093 14      3 0.000237
 25646.208706  9998.231123  0  93045 0.355919  1  11677 0.087661  2    183 0.001472  3    625 0.005022  4    257 0.001752  5     11 0.000073  6      3 0.000018  7      0 0.000000  8      0 0.000000  9      0 0.000000 10      0 0.000000 11  70657 0.512046 12   2240 0.026600 13    775 0.009197 14      3 0.000240
 25901.208706 10097.643437  0  91959 0.354906  1  11410 0.086163  2    207 0.001673  3    594 0.004785  4    232 0.001588  5      9 0.000060  6      1 0.000006  7      0 0.000000  8      0 0.000000  9      0 0.000000 10      0 0.000000 11  70530 0.514548 12   2240 0.026790 13    773 0.009238 14      3 0.000241
 26156.208706 10197.055750  0  90943 0.353861  1  11117 0.084400  2    237 0.001923  3    551 0.004457  4    272 0.001866  5     10 0.000066  6      1 0.000006  7      0 0.000000  8      0 0.000000  9      0 0.000000 10      0 0.000000 11  70414 0.516929 12   2238 0.026947 13    773 0.009301 14      3 0.000243
 26411.208706 10296.468064  0  90252 0.353280  1  10859 0.082729  2    226 0.001838  3    595 0.004834  4    219 0.001503  5     15 0.000101  6      2 0.000012  7      0 0.000000  8      0 0.000000  9      0 0.000000 10      0 0.000000 11  70410 0.519056 12   2236 0.027055 13    773 0.009346 14      3 0.000244
 26666.208706 10395.880377  0  89324 0.352398  1  10605 0.081197  2    222 0.001812  3    624 0.005082  4    197 0.001357  5      8 0.000054  6      2 0.000012  7      0 0.000000  8      0 0.000000  9      0 0.000000 10      0 0.000000 11  70296 0.521236 12   2236 0.027225 13    771 0.009380 14      3 0.000246
 26921.208706 10495.292690  0  88169 0.351216  1  10358 0.079832  2    198 0.001625  3    626 0.005128  4    220 0.001522  5      8 0.000054  6      2 0.000012  7      0 0.000000  8      0 0.000000  9      0 0.000000 10      0 0.000000 11  70080 0.523521 12   2233 0.027401 13    770 0.009441 14      3 0.000248
 27176.208706 10594.705004  0  87254 0.350280  1  10116 0.078361  2    212 0.001747  3    588 0.004832  4    243 0.001685  5     11 0.000074  6      2 0.000013  7      0 0.000000  8      0 0.000000  9      0 0.000000 10      0 0.000000 11  69971 0.525710 12   2231 0.027549 13    770 0.009500 14      3 0.000249
 27431.208706 10694.117317  0  86624 0.349680  1   9873 0.076747  2    226 0.001866  3    568 0.004678  4    232 0.001611  5     12 0.000082  6      3 0.000017  7      0 0.000000  8      0 0.000000  9      0 0.000000 10      0 0.000000 11  69969 0.527893 12   2229 0.027655 13    768 0.009521 14      3 0.000250
 27686.208706 10793.529630  0  85922 0.349004  1   9633 0.075166  2    227 0.001880  3    567 0.004686  4    231 0.001605  5      6 0.000041  6      0 0.000000  7      0 0.000000  8      0 0.000000  9      0 0.000000 10      0 0.000000 11  69942 0.530025 12   2227 0.027771 13    768 0.009570 14      3 0.000252
 27944.208706 10894.111500  0  85055 0.348138  1   9383 0.073573  2    234 0.001945  3    585 0.004848  4    204 0.001421  5     12 0.000082  6      3 0.000019  7      0 0.000000  8      0 0.000000  9      0 0.000000 10      0 0.000000 11  69828 0.532175 12   2226 0.027929 13    767 0.009616 14      3 0.000253
 28199.208706 10993.523814  0  84191 0.347343  1   9146 0.072090  2    218 0.001819  3    600 0.004996  4    213 0.001489  5      6 0.000041  6      2 0.000012  7      0 0.000000  8      0 0.000000  9      0 0.000000 10      0 0.000000 11  69683 0.534233 12   2222 0.028059 13    766 0.009666 14      3 0.000255
 28454.208706 11092.936127  0  83606 0.346832  1   8915 0.070494  2    224 0.001873  3    597 0.004976  4    229 0.001602  5      6 0.000041  6      3 0.000018  7      0 0.000000  8      0 0.000000  9      0 0.000000 10      0 0.000000 11  69640 0.536052 12   2220 0.028159 13    765 0.009696 14      3 0.000256
 28709.208706 11192.348440  0  83014 0.346138  1   8669 0.068754  2    242 0.002028  3    608 0.005075  4    215 0.001504  5     16 0.000110  6      1 0.000006  7      0 0.000000  8      0 0.000000  9      0 0.000000 10      0 0.000000 11  69642 0.538133 12   2218 0.028257 13    765 0.009739 14      3 0.000257
 28964.208706 11291.760754  0  82342 0.345403  1   8468 0.067418  2    208 0.001747  3    612 0.005127  4    229 0.001606  5     12 0.000082  6      2 0.000012  7      0 0.000000  8      0 0.000000  9      0 0.000000 10      0 0.000000 11  69603 0.540210 12   2215 0.028362 13    764 0.009775 14      3 0.000258
 29219.208706 11391.173067  0  81591 0.344506  1   8242 0.065899  2    228 0.001921  3    587 0.004938  4    217 0.001524  5     11 0.000076  6      1 0.000006  7      0 0.000000  8      0 0.000000  9      0 0.000000 10      0 0.000000 11  69561 0.542574 12   2211 0.028467 13    764 0.009829 14      3 0.000260
 29474.208706 11490.585381  0  81025 0.343926  1   8026 0.064365  2    221 0.001866  3    590 0.004972  4    216 0.001520  5      6 0.000041  6      0 0.000000  7      0 0.000000  8      0 0.000000  9      0 0.000000 10      0 0.000000 11  69569 0.544615 12   2211 0.028589 13    762 0.009846 14      3 0.000261
 29729.208706 11589.997694  0  80457 0.343319  1   7858 0.063235  2    187 0.001583  3    556 0.004694  4    239 0.001683  5     13 0.000089  6      1 0.000006  7      0 0.000000  8      0 0.000000  9      0 0.000000 10      0 0.000000 11  69540 0.546526 12   2211 0.028714 13    762 0.009889 14      3 0.000262
 29984.208706 11689.410007  0  79884 0.342724  1   7645 0.061723  2    222 0.001883  3    546 0.004616  4    201 0.001416  5     12 0.000083  6      2 0.000012  7      0 0.000000  8      0 0.000000  9      0 0.000000 10      0 0.000000 11  69518 0.548528 12   2210 0.028831 13    761 0.009921 14      3 0.000263
 30239.208706 11788.822321  0  79312 0.342108  1   7454 0.060394  2    209 0.001777  3    525 0.004449  4    222 0.001566  5      5 0.000035  6      5 0.000031  7      0 0.000000  8      0 0.000000  9      0 0.000000 10      0 0.000000 11  69478 0.550496 12   2207 0.028926 13    760 0.009954 14      3 0.000265
 30494.208706 11888.234634  0  78800 0.341609  1   7249 0.058906  2    220 0.001874  3    522 0.004430  4    211 0.001490  5      8 0.000055  6      1 0.000007  7      0 0.000000  8      0 0.000000  9      0 0.000000 10      0 0.000000 11  69463 0.552361 12   2204 0.029007 13    760 0.009995 14      3 0.000266
 30749.208706 11987.646947  0  78211 0.340977  1   7066 0.057627  2    195 0.001665  3    541 0.004613  4    183 0.001294  5     10 0.000070  6      2 0.000013  7      0 0.000000  8      0 0.000000  9      0 0.000000 10      0 0.000000 11  69420 0.554342 12   2200 0.029090 13    760 0.010042 14      3 0.000267
 31004.208706 12087.059261  0  77727 0.340457  1   6889 0.056342  2    191 0.001634  3    527 0.004498  4    186 0.001317  5      6 0.000042  6      1 0.000006  7      0 0.000000  8      0 0.000000  9      0 0.000000 10      0 0.000000 11  69413 0.556178 12   2198 0.029177 13    760 0.010081 14      3 0.000268
 31262.208706 12187.641131  0  77212 0.339884  1   6699 0.054955  2    209 0.001792  3    504 0.004309  4    194 0.001374  5     11 0.000076  6      6 0.000038  7      0 0.000000  8      0 0.000000  9      0 0.000000 10      0 0.000000 11  69363 0.557880 12   2198 0.029299 13    760 0.010123 14      3 0.000269
 31517.208706 12287.053444  0  76659 0.339226  1   6491 0.053414  2    239 0.002054  3    489 0.004185  4    192 0.001361  5     18 0.000125  6      3 0.000018  7      0 0.000000  8      0 0.000000  9      0 0.000000 10      0 0.000000 11  69325 0.559780 12   2197 0.029413 13    759 0.010153 14      3 0.000270
 31772.208706 12386.465757  0  76142 0.338709  1   6309 0.052079  2    208 0.001791  3    520 0.004464  4    185 0.001312  5      7 0.000048  6      3 0.000019  7      0 0.000000  8      0 0.000000  9      0 0.000000 10      0 0.000000 11  69295 0.561615 12   2196 0.029522 13    757 0.010169 14      3 0.000271
 32027.208706 12485.878071  0  75707 0.338319  1   6130 0.050730  2    211 0.001820  3    524 0.004508  4    175 0.001242  5      3 0.000021  6      1 0.000006  7      0 0.000000  8      0 0.000000  9      0 0.000000 10      0 0.000000 11  69278 0.563272 12   2194 0.029604 13    757 0.010207 14      3 0.000272
 32282.208706 12585.290384  0  75263 0.337819  1   5930 0.049187  2    230 0.001986  3    523 0.004506  4    184 0.001307  5      7 0.000049  6      1 0.000006  7      0 0.000000  8      0 0.000000  9      0 0.000000 10      0 0.000000 11  69266 0.564929 12   2194 0.029708 13    756 0.010229 14      3 0.000273
 32537.208706 12684.702698  0  74785 0.337307  1   5757 0.047894  2    200 0.001731  3    532 0.004588  4    212 0.001506  5      9 0.000063  6      1 0.000006  7      0 0.000000  8      0 0.000000  9      0 0.000000 10      0 0.000000 11  69211 0.566546 12   2193 0.029815 13    756 0.010270 14      3 0.000274
 32792.208706 12784.115011  0  74215 0.336726  1   5584 0.046639  2    201 0.001745  3    525 0.004545  4    186 0.001324  5      7 0.000049  6      1 0.000006  7      0 0.000000  8      0 0.000000  9      0 0.000000 10      0 0.000000 11  69130 0.568471 12   2189 0.029911 13    755 0.010308 14      3 0.000276
 33047.208706 12883.527324  0  73834 0.336411  1   5442 0.045573  2    178 0.001547  3    521 0.004509  4    181 0.001289  5      2 0.000014  6      0 0.000000  7      0 0.000000  8      0 0.000000  9      0 0.000000 10      0 0.000000 11  69112 0.570062 12   2186 0.029974 13    755 0.010345 14      3 0.000277
 33302.208706 12982.939638  0  73353 0.335842  1   5275 0.044311  2    193 0.001681  3    481 0.004167  4    194 0.001384  5     10 0.000070  6      1 0.000007  7      0 0.000000  8      0 0.000000  9      0 0.000000 10      0 0.000000 11  69064 0.571815 12   2184 0.030071 13    754 0.010374 14      3 0.000278
 33557.208706 13082.351951  0  72969 0.335383  1   5115 0.043065  2    201 0.001753  3    453 0.003940  4    196 0.001397  5      7 0.000049  6      0 0.000000  7      0 0.000000  8      0 0.000000  9      0 0.000000 10      0 0.000000 11  69084 0.573571 12   2184 0.030169 13    753 0.010394 14      3 0.000279
 33812.208706 13181.764264  0  72680 0.335100  1   4959 0.041816  2    196 0.001711  3    459 0.003996  4    167 0.001191  5     13 0.000091  6      0 0.000000  7      0 0.000000  8      0 0.000000  9      0 0.000000 10      0 0.000000 11  69134 0.575150 12   2184 0.030246 13    753 0.010420 14      3 0.000280
 34067.208706 13281.176578  0  72281 0.334678  1   4829 0.040827  2    185 0.001617  3    453 0.003946  4    155 0.001105  5      6 0.000042  6      0 0.000000  7      0 0.000000  8      0 0.000000  9      0 0.000000 10      0 0.000000 11  69109 0.576710 12   2184 0.030351 13    752 0.010442 14      3 0.000280
 34322.208706 13380.588891  0  71768 0.334087  1   4668 0.039600  2    189 0.001656  3    462 0.004033  4    147 0.001050  5      9 0.000063  6      0 0.000000  7      0 0.000000  8      0 0.000000  9      0 0.000000 10      0 0.000000 11  69016 0.578285 12   2182 0.030456 13    752 0.010488 14      3 0.000282
 34577.208706 13480.001204  0  71365 0.333563  1   4499 0.038251  2    207 0.001816  3    442 0.003867  4    185 0.001321  5     15 0.000105  6      0 0.000000  7      0 0.000000  8      0 0.000000  9      0 0.000000 10      0 0.000000 11  68976 0.579713 12   2182 0.030558 13    752 0.010523 14      3 0.000283
 34628.739956 13500.090776  0  71342 0.333539  1   4475 0.038054  2    207 0.001816  3    439 0.003840  4    182 0.001299  5      6 0.000042  6      3 0.000018  7      0 0.000000  8      0 0.000000  9      0 0.000000 10      0 0.000000 11  68999 0.580028 12   2181 0.030554 13    752 0.010527 14      3 0.000283
