3703.595988    56.679091    1.000000     1.000000
9600.581870    49.713455    0.969111     0.959610
9699.994183    35.241915    0.946301     0.930250
9799.406497    37.521315    0.933412     0.913700
9898.818810    50.962622    0.924045     0.901610
9998.231123    55.356533    0.915528     0.890675
10097.643437    51.172822    0.907420     0.880415
10197.055750    39.010076    0.900204     0.871300
10296.468064    32.296179    0.892854     0.862105
10395.880377    46.512670    0.888244     0.856330
10495.292690    54.558364    0.882889     0.849590
10594.705004    54.411484    0.878198     0.843730
10694.117317    44.726622    0.873405     0.837735
10793.529630    32.102925    0.867441     0.830315
10894.111500    44.854739    0.863756     0.825790
10993.523814    55.169484    0.859845     0.821115
11092.936127    56.064586    0.856212     0.816665
11192.348440    47.949139    0.852446     0.812055
11291.760754    34.421858    0.847681     0.806445
11391.173067    42.591908    0.844254     0.802310
11490.585381    54.058928    0.841245     0.798635
11589.997694    56.724146    0.838060     0.794780
11689.410007    50.253653    0.835174     0.791235
11788.822321    36.004268    0.831927     0.787335
11888.234634    37.973483    0.828413     0.783045
11987.646947    51.210914    0.825593     0.779700
12087.059261    55.813890    0.822660     0.776215
12187.641131    50.483657    0.819662     0.772620
12287.053444    37.708366    0.816446     0.768795
12386.465757    33.267022    0.813277     0.765010
12485.878071    47.885583    0.810632     0.761760
12585.290384    54.382487    0.807720     0.758390
12684.702698    53.111125    0.805197     0.755335
12784.115011    42.818820    0.802300     0.751905
12883.527324    30.901323    0.798886     0.747770
12982.939638    44.037250    0.796743     0.745265
13082.351951    54.406209    0.794201     0.742205
13181.764264    55.634642    0.791721     0.739320
13281.176578    47.685678    0.789289     0.736440
13380.588891    34.048462    0.786358     0.732980
13480.001204    42.042037    0.784031     0.730315
13500.017679    53.132779    0.783823     0.730100
