    9500.0000    3703.5960 1   0.182891E-02  0.592957E-03 -0.848950E-02  0.510349E-03  0.402292E-03 -0.113273E-03
    9500.0000    3703.5960 2  -0.849573E+03 -0.103062E+04  0.596543E+03  0.101878E+02 -0.487843E+01  0.521923E+01
   24626.2087    9600.5819 1  -0.133048E-01  0.528471E-01 -0.934417E-02 -0.980795E-03  0.131984E-03  0.182335E-02
   24626.2087    9600.5819 2  -0.774342E+03  0.904397E+03  0.297227E+03 -0.203945E+01 -0.165300E+02  0.885462E+01
   24881.2087    9699.9942 1   0.215062E+00 -0.103926E-01 -0.141590E+00 -0.214883E-01  0.146356E-01  0.376692E-01
   24881.2087    9699.9942 2   0.430528E+03  0.542910E+03  0.171546E+03 -0.249058E+02  0.260784E+01  0.152453E+02
   25136.2087    9799.4065 1   0.269724E-01 -0.325539E+00 -0.171273E+00 -0.755866E-01  0.524582E-01 -0.128016E-01
   25136.2087    9799.4065 2   0.593184E+03  0.313938E+03  0.389798E+03 -0.151797E+01  0.238843E+02  0.119317E+02
   25391.2087    9898.8188 1  -0.283089E+00 -0.571895E-01 -0.214070E+00  0.116318E-01  0.561668E-01 -0.779688E-05
   25391.2087    9898.8188 2   0.611905E+03 -0.954532E+03  0.525112E+03  0.142618E+02  0.168490E+01  0.963385E+01
   25646.2087    9998.2311 1  -0.192815E+00  0.235903E+00 -0.386217E+00  0.467598E-01 -0.198244E-01  0.101008E+00
   25646.2087    9998.2311 2  -0.134146E+04 -0.474934E+03  0.281124E+03  0.410621E+01 -0.946299E+01  0.997671E+01
   25901.2087   10097.6434 1   0.363628E+00  0.377833E+00 -0.685181E+00 -0.105533E+00  0.108085E+00  0.350381E+00
   25901.2087   10097.6434 2  -0.193968E+03  0.127760E+04 -0.155211E+03 -0.102503E+02 -0.798349E+01  0.126854E+02
   26156.2087   10197.0558 1   0.733684E+00 -0.864253E+00 -0.986200E+00  0.151023E+00  0.550532E+00  0.732330E+00
   26156.2087   10197.0558 2   0.795832E+03  0.118540E+03 -0.240047E+03 -0.129672E+02  0.164698E+02  0.161358E+02
   26411.2087   10296.4681 1  -0.103558E+01 -0.127432E+01 -0.144653E+01  0.404039E+00  0.853088E+00  0.156159E+01
   26411.2087   10296.4681 2   0.557927E+03 -0.239458E+03  0.630072E+02  0.162276E+02  0.192830E+02  0.200010E+02
   26666.2087   10395.8804 1  -0.924029E+00  0.716930E+00 -0.130697E+01  0.465583E+00  0.165585E+00  0.113782E+01
   26666.2087   10395.8804 2  -0.547744E+02 -0.111139E+04  0.158708E+03  0.126815E+02 -0.100463E+02  0.143184E+02
   26921.2087   10495.2927 1   0.490673E+00  0.743325E+00 -0.123167E+01 -0.157908E+00 -0.231772E+00  0.889193E+00
   26921.2087   10495.2927 2  -0.139031E+04  0.269199E+03 -0.203574E+03 -0.596688E+01 -0.937780E+01  0.103763E+02
   27176.2087   10594.7050 1   0.116586E+01 -0.166708E+00 -0.110400E+01 -0.306755E+00  0.583447E+00  0.589842E+00
   27176.2087   10594.7050 2   0.527830E+03  0.115899E+04 -0.541683E+03 -0.116929E+02  0.206969E+01  0.828103E+01
   27431.2087   10694.1173 1  -0.301008E-01 -0.240040E+01 -0.124835E+01  0.893263E+00  0.118264E+01  0.873064E+00
   27431.2087   10694.1173 2   0.725454E+03 -0.496440E+03 -0.514888E+03  0.832329E+00  0.196169E+02  0.914113E+01
   27686.2087   10793.5296 1  -0.382799E+01 -0.289033E+00 -0.192730E+01  0.259626E+01 -0.593558E-01  0.189063E+01
   27686.2087   10793.5296 2   0.104429E+03 -0.520825E+03 -0.301099E+03  0.277213E+02  0.197636E+01  0.125285E+02
   27944.2087   10894.1115 1  -0.468548E+00  0.290977E+01 -0.196331E+01  0.754767E+00 -0.164761E+01  0.206955E+01
   27944.2087   10894.1115 2  -0.586112E+03 -0.842652E+03 -0.243630E+03  0.387063E+01 -0.194208E+02  0.105127E+02
   28199.2087   10993.5238 1   0.199023E+01  0.549485E+00 -0.120415E+01 -0.118521E+01 -0.620645E+00  0.120167E+01
   28199.2087   10993.5238 2  -0.984930E+03  0.867207E+03 -0.534246E+03 -0.121709E+02 -0.415222E+01  0.499581E+01
   28454.2087   11092.9361 1   0.156987E+01 -0.156717E+01 -0.802584E+00 -0.676878E+00  0.145728E+01  0.684234E+00
   28454.2087   11092.9361 2   0.106458E+04  0.634998E+03 -0.717833E+03 -0.832616E+01  0.878962E+01  0.337473E+01
   28709.2087   11192.3484 1  -0.208241E+01 -0.336404E+01 -0.449506E+00  0.203979E+01  0.172163E+01  0.356290E+00
   28709.2087   11192.3484 2   0.288564E+03 -0.934320E+03 -0.572981E+03  0.107866E+02  0.158241E+02  0.224253E+01
   28964.2087   11291.7608 1  -0.553429E+01  0.305795E+01 -0.356727E+00  0.365692E+01 -0.231437E+01  0.227796E+00
   28964.2087   11291.7608 2  -0.361908E+03 -0.387384E+03 -0.420592E+03  0.247430E+02 -0.139795E+02  0.138704E+01
   29219.2087   11391.1731 1   0.220747E+01  0.494806E+01 -0.447399E+00 -0.106331E+01 -0.369734E+01  0.346704E+00
   29219.2087   11391.1731 2  -0.789553E+03 -0.242302E+03 -0.470182E+03 -0.894670E+01 -0.212932E+02  0.104239E+01
   29474.2087   11490.5854 1   0.333213E+01 -0.105126E+01  0.176553E+00 -0.288451E+01  0.277853E+00 -0.282453E+00
   29474.2087   11490.5854 2  -0.270582E+03  0.114604E+04 -0.680535E+03 -0.137150E+02  0.396758E+01 -0.134906E+01
   29729.2087   11589.9977 1   0.596665E+00 -0.293604E+01  0.826713E+00 -0.199645E+00  0.280318E+01 -0.905586E+00
   29729.2087   11589.9977 2   0.127911E+04 -0.140696E+03 -0.696029E+03 -0.142926E+01  0.116061E+02 -0.246968E+01
   29984.2087   11689.4100 1  -0.420340E+01 -0.219776E+01  0.199831E+01  0.350940E+01  0.960019E+00 -0.177048E+01
   29984.2087   11689.4100 2  -0.385428E+03 -0.109363E+04 -0.432992E+03  0.157312E+02  0.664121E+01 -0.557953E+01
   30239.2087   11788.8223 1  -0.348146E+01  0.681017E+01  0.368341E+01  0.205879E+01 -0.485482E+01 -0.292035E+01
   30239.2087   11788.8223 2  -0.673057E+03  0.970831E+02 -0.282308E+03  0.111045E+02 -0.233597E+02 -0.110820E+02
   30494.2087   11888.2346 1   0.633171E+01  0.426087E+01  0.288295E+01 -0.441872E+01 -0.321646E+01 -0.243594E+01
   30494.2087   11888.2346 2  -0.576111E+03  0.330486E+03 -0.436922E+03 -0.204088E+02 -0.137118E+02 -0.884888E+01
   30749.2087   11987.6469 1   0.294253E+01 -0.366028E+01  0.275030E+01 -0.275523E+01  0.299876E+01 -0.244700E+01
   30749.2087   11987.6469 2   0.468119E+03  0.100032E+04 -0.605593E+03 -0.915739E+01  0.117150E+02 -0.765962E+01
   31004.2087   12087.0593 1  -0.148615E+01 -0.291707E+01  0.348030E+01  0.213354E+01  0.293265E+01 -0.285801E+01
   31004.2087   12087.0593 2   0.105345E+04 -0.896556E+03 -0.453551E+03  0.591820E+01  0.886457E+01 -0.800009E+01
   31262.2087   12187.6411 1  -0.484099E+01  0.644386E+00  0.557935E+01  0.399861E+01 -0.145291E+01 -0.378365E+01
   31262.2087   12187.6411 2  -0.983308E+03 -0.818518E+03 -0.913246E+02  0.139480E+02 -0.328247E+01 -0.122787E+02
   31517.2087   12287.0534 1   0.180308E+01  0.801233E+01  0.784667E+01 -0.170798E+01 -0.558911E+01 -0.473402E+01
   31517.2087   12287.0534 2  -0.539223E+03  0.578284E+03  0.571769E+02 -0.540631E+01 -0.213603E+02 -0.181226E+02
   31772.2087   12386.4658 1   0.975495E+01 -0.336049E+00  0.736095E+01 -0.682974E+01  0.435389E+00 -0.450332E+01
   31772.2087   12386.4658 2  -0.150682E+03  0.597038E+03 -0.225032E+03 -0.248191E+02  0.115201E+01 -0.169786E+02
   32027.2087   12485.8781 1   0.112012E-01 -0.589842E+01  0.609702E+01 -0.994967E-01  0.507615E+01 -0.355732E+01
   32027.2087   12485.8781 2   0.960764E+03  0.548099E+03 -0.356711E+03  0.192418E+00  0.153522E+02 -0.124925E+02
   32282.2087   12585.2904 1  -0.365392E+01 -0.587397E+00  0.681888E+01  0.411180E+01  0.720785E+00 -0.354241E+01
   32282.2087   12585.2904 2   0.485023E+03 -0.134875E+04 -0.505348E+02  0.102979E+02  0.155664E+01 -0.120057E+02
   32537.2087   12684.7027 1  -0.212642E+01  0.418269E+01  0.606217E+01  0.187258E+01 -0.407375E+01 -0.288576E+01
   32537.2087   12684.7027 2  -0.129516E+04 -0.180590E+03  0.370761E+03  0.535416E+01 -0.105604E+02 -0.105262E+02
   32792.2087   12784.1150 1   0.756181E+01  0.464824E+01  0.653934E+01 -0.538959E+01 -0.326432E+01 -0.290568E+01
   32792.2087   12784.1150 2  -0.194463E+02  0.864979E+03  0.419352E+03 -0.167008E+02 -0.102069E+02 -0.124151E+02
   33047.2087   12883.5273 1   0.797354E+01 -0.976726E+01  0.937077E+01 -0.523767E+01  0.644917E+01 -0.403907E+01
   33047.2087   12883.5273 2   0.353009E+03  0.430389E+03  0.166598E+03 -0.170215E+02  0.207316E+02 -0.175228E+02
   33302.2087   12982.9396 1  -0.664270E+01 -0.578057E+01  0.862739E+01  0.459687E+01  0.459392E+01 -0.354424E+01
   33302.2087   12982.9396 2   0.103260E+04 -0.922003E+02  0.815280E+02  0.137662E+02  0.129529E+02 -0.142019E+02
   33557.2087   13082.3520 1  -0.399127E+01  0.431286E+01  0.541327E+01  0.378641E+01 -0.291501E+01 -0.193728E+01
   33557.2087   13082.3520 2  -0.258271E+03 -0.132907E+04  0.396630E+03  0.941093E+01 -0.827261E+01 -0.752642E+01
   33812.2087   13181.7643 1   0.194018E+01  0.556553E+01  0.375996E+01 -0.133995E+01 -0.430745E+01 -0.112598E+01
   33812.2087   13181.7643 2  -0.113024E+04  0.566180E+03  0.663047E+03 -0.349404E+01 -0.112066E+02 -0.544511E+01
   34067.2087   13281.1766 1   0.101224E+02 -0.677222E+00  0.292688E+01 -0.641562E+01  0.577395E+00 -0.722837E+00
   34067.2087   13281.1766 2   0.626229E+03  0.729313E+03  0.585975E+03 -0.186042E+02  0.171831E+01 -0.508617E+01
   34322.2087   13380.5889 1  -0.944457E-02 -0.157234E+02  0.368298E+01  0.460633E-01  0.917292E+01 -0.929524E+00
   34322.2087   13380.5889 2   0.520232E+03 -0.959580E+02  0.407245E+03  0.150961E+00  0.281218E+02 -0.575646E+01
   34577.2087   13480.0012 1  -0.131120E+02 -0.972976E+00  0.389283E+01  0.788661E+01  0.816096E+00 -0.117441E+01
   34577.2087   13480.0012 2   0.633045E+03 -0.569817E+03  0.405781E+03  0.229235E+02  0.249931E+01 -0.491976E+01
   34628.5525   13500.0177 1  -0.267870E+01 -0.478018E+01  0.944566E+01  0.214955E+01  0.374384E+01 -0.308183E+01
   34628.5525   13500.0177 2   0.137235E+04 -0.208866E+03 -0.119188E+03  0.537296E+01  0.985326E+01 -0.120363E+02
