    9500.0000    3703.5960 200000      0      0       0.0000       1.0000
   24626.2087    9600.5819 193235      0      0       0.0007       0.9735
   24881.2087    9699.9942 186245      0      0       0.0013       0.9458
   25136.2087    9799.4065 183320      0      0       0.0019       0.9339
   25391.2087    9898.8188 181130      0      0       0.0026       0.9249
   25646.2087    9998.2311 178548      0      0       0.0033       0.9141
   25901.2087   10097.6434 176368      0      0       0.0039       0.9050
   26156.2087   10197.0558 174459      0      0       0.0045       0.8969
   26411.2087   10296.4681 172250      0      0       0.0051       0.8876
   26666.2087   10395.8804 171541      0      0       0.0056       0.8843
   26921.2087   10495.2927 170171      0      0       0.0061       0.8785
   27176.2087   10594.7050 169022      0      0       0.0067       0.8734
   27431.2087   10694.1173 167669      0      0       0.0073       0.8676
   27686.2087   10793.5296 165932      0      0       0.0078       0.8601
   27944.2087   10894.1115 165384      0      0       0.0083       0.8574
   28199.2087   10993.5238 164514      0      0       0.0089       0.8534
   28454.2087   11092.9361 163582      0      0       0.0094       0.8492
   28709.2087   11192.3484 162565      0      0       0.0099       0.8446
   28964.2087   11291.7608 161287      0      0       0.0104       0.8388
   29219.2087   11391.1731 160722      0      0       0.0110       0.8361
   29474.2087   11490.5854 160049      0      0       0.0115       0.8329
   29729.2087   11589.9977 159201      0      0       0.0120       0.8290
   29984.2087   11689.4100 158354      0      0       0.0125       0.8251
   30239.2087   11788.8223 157481      0      0       0.0130       0.8212
   30494.2087   11888.2346 156755      0      0       0.0135       0.8178
   30749.2087   11987.6469 156210      0      0       0.0139       0.8152
   31004.2087   12087.0593 155396      0      0       0.0144       0.8114
   31262.2087   12187.6411 154610      0      0       0.0149       0.8078
   31517.2087   12287.0534 153792      0      0       0.0153       0.8041
   31772.2087   12386.4658 153009      0      0       0.0157       0.8005
   32027.2087   12485.8781 152500      0      0       0.0162       0.7981
   32282.2087   12585.2904 151798      0      0       0.0166       0.7949
   32537.2087   12684.7027 151159      0      0       0.0170       0.7919
   32792.2087   12784.1150 150454      0      0       0.0175       0.7886
   33047.2087   12883.5273 149368      0      0       0.0179       0.7839
   33302.2087   12982.9396 149149      0      0       0.0183       0.7826
   33557.2087   13082.3520 148602      0      0       0.0187       0.7800
   33812.2087   13181.7643 147998      0      0       0.0191       0.7771
   34067.2087   13281.1766 147367      0      0       0.0195       0.7742
   34322.2087   13380.5889 146580      0      0       0.0199       0.7707
   34577.2087   13480.0012 146179      0      0       0.0203       0.7687
   34628.5525   13500.0177 146140      0      0       0.0203       0.7684
