    9500.0000    3703.5960  0.442289E-01    0.706887E-01    0.909340E-01    0.108335E+00    0.125207E+00    0.141083E+00    0.155733E+00    0.170152E+00    0.184806E+00    0.198816E+00    0.350231E+00    0.527262E+00    0.735725E+00    0.993448E+00    0.132732E+01    0.178350E+01    0.249524E+01    0.392581E+01    0.104142E+02
   24626.2087    9600.5819  0.646671E-01    0.880261E-01    0.107227E+00    0.123580E+00    0.138997E+00    0.153073E+00    0.166773E+00    0.180320E+00    0.193950E+00    0.207582E+00    0.349008E+00    0.513076E+00    0.711246E+00    0.952097E+00    0.126374E+01    0.169095E+01    0.233203E+01    0.360268E+01    0.173903E+02
   24881.2087    9699.9942  0.654651E-01    0.874757E-01    0.105434E+00    0.121464E+00    0.135309E+00    0.149535E+00    0.163870E+00    0.177296E+00    0.190059E+00    0.203782E+00    0.341841E+00    0.500968E+00    0.690581E+00    0.919398E+00    0.120983E+01    0.159650E+01    0.215445E+01    0.314673E+01    0.854949E+01
   25136.2087    9799.4065  0.638644E-01    0.863106E-01    0.103873E+00    0.120516E+00    0.135763E+00    0.149532E+00    0.162822E+00    0.175774E+00    0.189878E+00    0.202717E+00    0.337624E+00    0.494012E+00    0.680010E+00    0.906970E+00    0.119646E+01    0.158120E+01    0.215223E+01    0.319031E+01    0.103997E+02
   25391.2087    9898.8188  0.653166E-01    0.877020E-01    0.105351E+00    0.121420E+00    0.135974E+00    0.148891E+00    0.162194E+00    0.174936E+00    0.187577E+00    0.200653E+00    0.335634E+00    0.490250E+00    0.676860E+00    0.898411E+00    0.117983E+01    0.155606E+01    0.211351E+01    0.310527E+01    0.191982E+02
   25646.2087    9998.2311  0.675631E-01    0.884845E-01    0.105768E+00    0.121217E+00    0.135425E+00    0.148257E+00    0.161439E+00    0.173875E+00    0.187191E+00    0.199558E+00    0.332850E+00    0.484891E+00    0.667471E+00    0.886580E+00    0.116765E+01    0.153868E+01    0.207853E+01    0.300965E+01    0.211388E+02
   25901.2087   10097.6434  0.650165E-01    0.875719E-01    0.104839E+00    0.119796E+00    0.133481E+00    0.146793E+00    0.159631E+00    0.172099E+00    0.184877E+00    0.197668E+00    0.328198E+00    0.478968E+00    0.656258E+00    0.874990E+00    0.115359E+01    0.151786E+01    0.203763E+01    0.292673E+01    0.178896E+02
   26156.2087   10197.0558  0.651338E-01    0.866899E-01    0.104992E+00    0.120284E+00    0.133942E+00    0.147362E+00    0.160112E+00    0.172309E+00    0.185281E+00    0.198222E+00    0.328084E+00    0.477090E+00    0.652030E+00    0.867560E+00    0.113823E+01    0.149249E+01    0.199922E+01    0.285226E+01    0.109444E+02
   26411.2087   10296.4681  0.656296E-01    0.870248E-01    0.104575E+00    0.119048E+00    0.132515E+00    0.145582E+00    0.158471E+00    0.170693E+00    0.182613E+00    0.194997E+00    0.323233E+00    0.469299E+00    0.644007E+00    0.853350E+00    0.111825E+01    0.145586E+01    0.193678E+01    0.272052E+01    0.704786E+01
   26666.2087   10395.8804  0.644391E-01    0.860184E-01    0.102806E+00    0.117959E+00    0.131851E+00    0.145534E+00    0.158628E+00    0.171140E+00    0.183854E+00    0.196157E+00    0.325081E+00    0.473971E+00    0.648812E+00    0.862499E+00    0.112935E+01    0.147514E+01    0.196519E+01    0.277912E+01    0.148845E+02
   26921.2087   10495.2927  0.640567E-01    0.860670E-01    0.102175E+00    0.116826E+00    0.130658E+00    0.143733E+00    0.156238E+00    0.168683E+00    0.181058E+00    0.193228E+00    0.321992E+00    0.466692E+00    0.641548E+00    0.852275E+00    0.111875E+01    0.146542E+01    0.195550E+01    0.278380E+01    0.200259E+02
   27176.2087   10594.7050  0.654707E-01    0.871138E-01    0.103765E+00    0.119076E+00    0.132671E+00    0.145885E+00    0.157775E+00    0.170235E+00    0.181853E+00    0.194019E+00    0.321129E+00    0.466158E+00    0.640097E+00    0.848931E+00    0.111377E+01    0.145569E+01    0.194292E+01    0.275171E+01    0.211766E+02
   27431.2087   10694.1173  0.647394E-01    0.863792E-01    0.102942E+00    0.117924E+00    0.131078E+00    0.143584E+00    0.155802E+00    0.167980E+00    0.179650E+00    0.191540E+00    0.317115E+00    0.460211E+00    0.631647E+00    0.840840E+00    0.109794E+01    0.143927E+01    0.191353E+01    0.270582E+01    0.146662E+02
   27686.2087   10793.5296  0.652358E-01    0.875087E-01    0.104537E+00    0.119021E+00    0.132397E+00    0.145653E+00    0.157376E+00    0.169406E+00    0.180539E+00    0.192805E+00    0.315026E+00    0.458300E+00    0.630666E+00    0.832710E+00    0.108710E+01    0.141924E+01    0.188668E+01    0.265340E+01    0.704948E+01
   27944.2087   10894.1115  0.645243E-01    0.863352E-01    0.102435E+00    0.116468E+00    0.129873E+00    0.142467E+00    0.154988E+00    0.166811E+00    0.178986E+00    0.190898E+00    0.315051E+00    0.456620E+00    0.626660E+00    0.831184E+00    0.108570E+01    0.142282E+01    0.189449E+01    0.266743E+01    0.135863E+02
   28199.2087   10993.5238  0.664439E-01    0.877482E-01    0.103757E+00    0.117361E+00    0.130600E+00    0.143353E+00    0.155405E+00    0.167414E+00    0.179101E+00    0.191372E+00    0.313736E+00    0.451353E+00    0.621579E+00    0.828347E+00    0.108620E+01    0.141655E+01    0.188365E+01    0.265656E+01    0.214471E+02
   28454.2087   11092.9361  0.647402E-01    0.863493E-01    0.103728E+00    0.118269E+00    0.131331E+00    0.143784E+00    0.156076E+00    0.167985E+00    0.179327E+00    0.190697E+00    0.310999E+00    0.452157E+00    0.621162E+00    0.825417E+00    0.107918E+01    0.141067E+01    0.187911E+01    0.264359E+01    0.230846E+02
   28709.2087   11192.3484  0.649329E-01    0.865622E-01    0.103281E+00    0.117633E+00    0.130308E+00    0.142749E+00    0.155172E+00    0.166811E+00    0.178268E+00    0.189995E+00    0.309506E+00    0.450893E+00    0.620842E+00    0.822490E+00    0.107321E+01    0.139826E+01    0.185612E+01    0.260649E+01    0.165399E+02
   28964.2087   11291.7608  0.659178E-01    0.862712E-01    0.102555E+00    0.116100E+00    0.129213E+00    0.141509E+00    0.153382E+00    0.165162E+00    0.177193E+00    0.189319E+00    0.309637E+00    0.449882E+00    0.613761E+00    0.812816E+00    0.106668E+01    0.138832E+01    0.184151E+01    0.257450E+01    0.794919E+01
   29219.2087   11391.1731  0.654576E-01    0.858441E-01    0.101604E+00    0.115688E+00    0.129013E+00    0.141648E+00    0.153061E+00    0.164230E+00    0.175250E+00    0.186736E+00    0.307840E+00    0.446664E+00    0.613020E+00    0.813466E+00    0.106403E+01    0.138349E+01    0.183988E+01    0.257742E+01    0.125330E+02
   29474.2087   11490.5854  0.657338E-01    0.867270E-01    0.102756E+00    0.116784E+00    0.130084E+00    0.142196E+00    0.154628E+00    0.165580E+00    0.176841E+00    0.188636E+00    0.306773E+00    0.443169E+00    0.607305E+00    0.808369E+00    0.106000E+01    0.138644E+01    0.183650E+01    0.258407E+01    0.212639E+02
   29729.2087   11589.9977  0.652232E-01    0.859809E-01    0.102335E+00    0.117200E+00    0.130471E+00    0.142982E+00    0.154527E+00    0.166426E+00    0.177987E+00    0.189076E+00    0.307554E+00    0.444266E+00    0.607316E+00    0.808761E+00    0.105654E+01    0.138152E+01    0.183318E+01    0.256055E+01    0.232180E+02
   29984.2087   11689.4100  0.661375E-01    0.863786E-01    0.102503E+00    0.116356E+00    0.128458E+00    0.140749E+00    0.152969E+00    0.164640E+00    0.176142E+00    0.187325E+00    0.305197E+00    0.442718E+00    0.605315E+00    0.803112E+00    0.105423E+01    0.137118E+01    0.181988E+01    0.253688E+01    0.171846E+02
   30239.2087   11788.8223  0.671248E-01    0.882307E-01    0.103753E+00    0.117099E+00    0.128996E+00    0.140796E+00    0.152225E+00    0.164148E+00    0.175942E+00    0.187671E+00    0.303943E+00    0.439752E+00    0.603392E+00    0.799624E+00    0.104487E+01    0.136383E+01    0.180764E+01    0.253881E+01    0.858864E+01
   30494.2087   11888.2346  0.660535E-01    0.873272E-01    0.102067E+00    0.115932E+00    0.129730E+00    0.142143E+00    0.153315E+00    0.165037E+00    0.176593E+00    0.187624E+00    0.303808E+00    0.436635E+00    0.599316E+00    0.795706E+00    0.104147E+01    0.135851E+01    0.180075E+01    0.252554E+01    0.101726E+02
   30749.2087   11987.6469  0.657887E-01    0.865084E-01    0.102373E+00    0.116611E+00    0.128817E+00    0.140857E+00    0.152713E+00    0.163807E+00    0.175014E+00    0.184990E+00    0.299107E+00    0.434838E+00    0.596960E+00    0.795910E+00    0.103917E+01    0.135859E+01    0.179863E+01    0.253004E+01    0.190442E+02
   31004.2087   12087.0593  0.662013E-01    0.865366E-01    0.103947E+00    0.117300E+00    0.130237E+00    0.142296E+00    0.153840E+00    0.164434E+00    0.176110E+00    0.187242E+00    0.302696E+00    0.435351E+00    0.592723E+00    0.789046E+00    0.103396E+01    0.135265E+01    0.178998E+01    0.250145E+01    0.212673E+02
   31262.2087   12187.6411  0.652252E-01    0.861008E-01    0.101407E+00    0.115729E+00    0.129026E+00    0.140576E+00    0.151983E+00    0.163233E+00    0.174212E+00    0.185269E+00    0.299677E+00    0.431614E+00    0.593423E+00    0.785528E+00    0.102818E+01    0.133992E+01    0.177359E+01    0.246325E+01    0.164208E+02
   31517.2087   12287.0534  0.665352E-01    0.869804E-01    0.102571E+00    0.116509E+00    0.129086E+00    0.141435E+00    0.152787E+00    0.164082E+00    0.175199E+00    0.185808E+00    0.298981E+00    0.430976E+00    0.589737E+00    0.781114E+00    0.102326E+01    0.133554E+01    0.177092E+01    0.247019E+01    0.923318E+01
   31772.2087   12386.4658  0.656289E-01    0.863373E-01    0.102775E+00    0.116716E+00    0.128923E+00    0.140744E+00    0.152159E+00    0.163707E+00    0.174746E+00    0.185640E+00    0.297390E+00    0.429631E+00    0.589574E+00    0.781044E+00    0.102210E+01    0.133272E+01    0.176858E+01    0.245589E+01    0.773951E+01
   32027.2087   12485.8781  0.650132E-01    0.855017E-01    0.101931E+00    0.116059E+00    0.128648E+00    0.140282E+00    0.151702E+00    0.163106E+00    0.173792E+00    0.184689E+00    0.296516E+00    0.428175E+00    0.585495E+00    0.780554E+00    0.102111E+01    0.133624E+01    0.176527E+01    0.248069E+01    0.159772E+02
   32282.2087   12585.2904  0.660245E-01    0.856789E-01    0.101499E+00    0.115356E+00    0.128009E+00    0.139663E+00    0.151143E+00    0.162101E+00    0.173002E+00    0.183405E+00    0.294179E+00    0.424968E+00    0.580103E+00    0.773108E+00    0.101044E+01    0.131726E+01    0.173697E+01    0.242081E+01    0.186926E+02
   32537.2087   12684.7027  0.653777E-01    0.862036E-01    0.101469E+00    0.114914E+00    0.127023E+00    0.138528E+00    0.149802E+00    0.160908E+00    0.172046E+00    0.182892E+00    0.293920E+00    0.422933E+00    0.580130E+00    0.772757E+00    0.101165E+01    0.132169E+01    0.175066E+01    0.244563E+01    0.191138E+02
   32792.2087   12784.1150  0.647000E-01    0.837131E-01    0.995191E-01    0.113130E+00    0.126026E+00    0.137920E+00    0.149774E+00    0.160678E+00    0.171434E+00    0.182637E+00    0.293054E+00    0.420293E+00    0.576415E+00    0.769092E+00    0.100358E+01    0.131606E+01    0.174051E+01    0.243599E+01    0.129486E+02
   33047.2087   12883.5273  0.643234E-01    0.849485E-01    0.101089E+00    0.114621E+00    0.127013E+00    0.139175E+00    0.150231E+00    0.160961E+00    0.172285E+00    0.182681E+00    0.292173E+00    0.418782E+00    0.574848E+00    0.763190E+00    0.998155E+00    0.130266E+01    0.171764E+01    0.239012E+01    0.639890E+01
   33302.2087   12982.9396  0.643740E-01    0.844163E-01    0.100611E+00    0.114121E+00    0.127191E+00    0.138909E+00    0.150075E+00    0.160643E+00    0.171278E+00    0.181998E+00    0.292079E+00    0.417469E+00    0.572332E+00    0.762431E+00    0.998091E+00    0.130246E+01    0.171874E+01    0.241255E+01    0.125117E+02
   33557.2087   13082.3520  0.640607E-01    0.844379E-01    0.100577E+00    0.114352E+00    0.126317E+00    0.137784E+00    0.149094E+00    0.159809E+00    0.170490E+00    0.180821E+00    0.291479E+00    0.418288E+00    0.573602E+00    0.762384E+00    0.996669E+00    0.130019E+01    0.172625E+01    0.241677E+01    0.197033E+02
   33812.2087   13181.7643  0.644688E-01    0.839877E-01    0.100492E+00    0.113345E+00    0.125629E+00    0.137469E+00    0.148317E+00    0.159516E+00    0.170781E+00    0.181087E+00    0.287989E+00    0.415697E+00    0.567728E+00    0.757281E+00    0.996022E+00    0.130205E+01    0.171957E+01    0.240720E+01    0.219475E+02
   34067.2087   13281.1766  0.649252E-01    0.852074E-01    0.100730E+00    0.114677E+00    0.126561E+00    0.138332E+00    0.149421E+00    0.160166E+00    0.170611E+00    0.181273E+00    0.288308E+00    0.414113E+00    0.566562E+00    0.753789E+00    0.988420E+00    0.129458E+01    0.171612E+01    0.239378E+01    0.161073E+02
   34322.2087   13380.5889  0.654848E-01    0.851741E-01    0.100034E+00    0.113430E+00    0.125532E+00    0.136911E+00    0.147868E+00    0.158983E+00    0.169390E+00    0.179924E+00    0.286990E+00    0.413297E+00    0.566476E+00    0.755213E+00    0.986480E+00    0.128804E+01    0.170655E+01    0.238044E+01    0.763048E+01
   34577.2087   13480.0012  0.651818E-01    0.844152E-01    0.993086E-01    0.112809E+00    0.125474E+00    0.137263E+00    0.148057E+00    0.158516E+00    0.168499E+00    0.179307E+00    0.285748E+00    0.410086E+00    0.562468E+00    0.748964E+00    0.981435E+00    0.128031E+01    0.170127E+01    0.238341E+01    0.117779E+02
   34628.5525   13500.0177  0.645800E-01    0.838086E-01    0.994584E-01    0.113012E+00    0.125500E+00    0.136797E+00    0.148130E+00    0.158955E+00    0.169801E+00    0.180560E+00    0.286437E+00    0.411959E+00    0.563382E+00    0.748306E+00    0.980933E+00    0.128180E+01    0.169908E+01    0.237177E+01    0.181959E+02
