    9500.0000    3703.5960     0.979570       0.890157       0.861650       0.844763       0.829916       0.815188       0.799232       0.802101       0.778062       0.783640       0.738970       0.683261       0.640767       0.602896       0.569380       0.543424       0.516691       0.486488       0.460079       0.588407
   24626.2087    9600.5819     0.935509       0.872956       0.857957       0.830871       0.822539       0.825037       0.810978       0.797283       0.796196       0.789637       0.745485       0.687462       0.642375       0.612169       0.576265       0.545260       0.521406       0.492246       0.463071       0.592887
   24881.2087    9699.9942     0.913232       0.885600       0.860941       0.856564       0.835688       0.823044       0.810460       0.800312       0.796039       0.785013       0.742837       0.688597       0.645993       0.612513       0.583504       0.552186       0.528364       0.498167       0.469214       0.597625
   25136.2087    9799.4065     0.924973       0.861804       0.865445       0.857037       0.825760       0.819831       0.820556       0.814141       0.785238       0.780727       0.745573       0.694293       0.649464       0.617157       0.582159       0.556413       0.529512       0.499045       0.469127       0.599514
   25391.2087    9898.8188     0.916769       0.871012       0.853144       0.853922       0.833447       0.824717       0.814251       0.815675       0.806396       0.787611       0.747076       0.690504       0.650505       0.618332       0.583680       0.555784       0.528924       0.501476       0.474447       0.600884
   25646.2087    9998.2311     0.912579       0.880197       0.864903       0.844792       0.837949       0.838954       0.824086       0.803568       0.780713       0.798979       0.743770       0.694246       0.653411       0.617008       0.587678       0.555854       0.532166       0.504308       0.475399       0.602517
   25901.2087   10097.6434     0.902526       0.880564       0.858526       0.844729       0.837321       0.816908       0.823581       0.798884       0.804956       0.788008       0.750610       0.691827       0.657527       0.616858       0.584961       0.560475       0.530438       0.508078       0.477600       0.603885
   26156.2087   10197.0558     0.909132       0.883463       0.851451       0.837906       0.840335       0.810421       0.810270       0.815573       0.804221       0.779469       0.751776       0.695389       0.654070       0.616575       0.587757       0.560914       0.535998       0.506050       0.480224       0.605021
   26411.2087   10296.4681     0.909059       0.880154       0.851486       0.842240       0.837573       0.831621       0.822435       0.797011       0.799633       0.788212       0.749466       0.698925       0.652187       0.619970       0.590080       0.560361       0.535811       0.511362       0.481072       0.606442
   26666.2087   10395.8804     0.914341       0.874161       0.866176       0.860439       0.835979       0.810162       0.819002       0.811446       0.791490       0.793122       0.752322       0.695680       0.654804       0.618751       0.588915       0.560437       0.537466       0.511619       0.480821       0.606665
   26921.2087   10495.2927     0.912904       0.873347       0.858649       0.844093       0.825101       0.842547       0.816317       0.802900       0.796964       0.780220       0.751957       0.697932       0.657544       0.620990       0.586089       0.562721       0.537389       0.511081       0.483995       0.607521
   27176.2087   10594.7050     0.904161       0.861213       0.871781       0.841130       0.831767       0.818921       0.820433       0.799677       0.818388       0.782092       0.752691       0.701338       0.653328       0.620199       0.591704       0.563301       0.535478       0.512877       0.484352       0.608115
   27431.2087   10694.1173     0.903623       0.875567       0.860682       0.844258       0.826582       0.817346       0.801478       0.807364       0.801203       0.793591       0.755319       0.700114       0.655958       0.615503       0.597009       0.562129       0.540505       0.511657       0.485293       0.608905
   27686.2087   10793.5296     0.904774       0.868614       0.845730       0.845008       0.833276       0.825861       0.836278       0.801169       0.792512       0.793421       0.754515       0.699546       0.653756       0.624589       0.593937       0.564455       0.542123       0.513079       0.485715       0.610005
   27944.2087   10894.1115     0.917370       0.863320       0.861663       0.844452       0.841241       0.841823       0.825068       0.799449       0.796495       0.785318       0.753426       0.703078       0.653984       0.620739       0.593870       0.563689       0.540986       0.515605       0.485806       0.610123
   28199.2087   10993.5238     0.897699       0.864885       0.853483       0.844521       0.825112       0.830163       0.821216       0.809970       0.804733       0.798017       0.755264       0.700450       0.656107       0.621785       0.594260       0.565768       0.539138       0.514563       0.488127       0.610488
   28454.2087   11092.9361     0.901939       0.862015       0.858715       0.843178       0.840335       0.824651       0.807296       0.801502       0.801255       0.800130       0.755651       0.699513       0.659944       0.622160       0.594078       0.564788       0.539755       0.514730       0.489432       0.610923
   28709.2087   11192.3484     0.905806       0.885720       0.858768       0.840173       0.840072       0.835246       0.813038       0.809014       0.809074       0.779644       0.755812       0.700158       0.656898       0.624491       0.593076       0.566084       0.541734       0.514218       0.489985       0.611429
   28964.2087   11291.7608     0.885250       0.876455       0.863909       0.853620       0.844294       0.823400       0.823537       0.818759       0.804200       0.783240       0.755099       0.701155       0.656041       0.625866       0.595483       0.566686       0.543364       0.517791       0.486576       0.612039
   29219.2087   11391.1731     0.907117       0.868861       0.856660       0.840825       0.838921       0.833328       0.817386       0.804765       0.792483       0.788802       0.753835       0.700724       0.658594       0.623579       0.595364       0.567565       0.542463       0.517416       0.489923       0.612213
   29474.2087   11490.5854     0.898933       0.871117       0.858519       0.841964       0.832283       0.821966       0.820336       0.824529       0.800007       0.786628       0.753093       0.700753       0.660698       0.626195       0.592944       0.565157       0.542363       0.519206       0.490276       0.612401
   29729.2087   11589.9977     0.911377       0.857106       0.850774       0.844819       0.839025       0.830822       0.811336       0.807843       0.796706       0.794266       0.756221       0.700546       0.660917       0.624523       0.596874       0.566891       0.543511       0.515821       0.490984       0.612778
   29984.2087   11689.4100     0.918413       0.863681       0.863326       0.836758       0.816430       0.834972       0.825594       0.820172       0.790551       0.787697       0.758106       0.703232       0.661411       0.624787       0.589196       0.570130       0.541080       0.522075       0.490008       0.613198
   30239.2087   11788.8223     0.894820       0.857385       0.854192       0.831443       0.835591       0.818026       0.819886       0.806113       0.799610       0.792380       0.755000       0.703237       0.661316       0.627055       0.598173       0.567360       0.545069       0.518971       0.489668       0.613633
   30494.2087   11888.2346     0.889027       0.876561       0.862000       0.840469       0.823931       0.832156       0.818799       0.803524       0.786098       0.793660       0.756561       0.705784       0.660059       0.627772       0.594327       0.567839       0.546836       0.517457       0.491931       0.613980
   30749.2087   11987.6469     0.879681       0.866210       0.847060       0.838702       0.832255       0.828358       0.815749       0.811733       0.802641       0.795303       0.759324       0.700744       0.663378       0.626818       0.597078       0.567972       0.545111       0.517605       0.492301       0.614118
   31004.2087   12087.0593     0.884942       0.874009       0.845456       0.836249       0.835316       0.841120       0.824566       0.805954       0.789894       0.786204       0.755165       0.704926       0.663205       0.621221       0.599914       0.569866       0.544700       0.520525       0.492342       0.614505
   31262.2087   12187.6411     0.875883       0.863757       0.870471       0.851859       0.818201       0.841125       0.807251       0.818420       0.807242       0.791766       0.754706       0.706204       0.660239       0.629087       0.599445       0.570243       0.543921       0.517420       0.493502       0.614844
   31517.2087   12287.0534     0.873861       0.861025       0.847684       0.834288       0.832816       0.823475       0.819491       0.805384       0.803153       0.791618       0.759641       0.704874       0.661816       0.627454       0.598854       0.569144       0.545580       0.520935       0.493496       0.615287
   31772.2087   12386.4658     0.891214       0.855541       0.849371       0.848144       0.828485       0.826218       0.820320       0.813652       0.799308       0.791736       0.759429       0.705665       0.660007       0.628815       0.599100       0.569240       0.544415       0.521545       0.495020       0.615678
   32027.2087   12485.8781     0.893798       0.867964       0.861448       0.845507       0.832329       0.826796       0.822943       0.801223       0.812859       0.782575       0.754815       0.705610       0.664986       0.624764       0.602517       0.571608       0.548132       0.517626       0.493724       0.615877
   32282.2087   12585.2904     0.897696       0.855745       0.855653       0.847355       0.822127       0.832526       0.812229       0.812899       0.808422       0.800811       0.761147       0.701343       0.662721       0.627668       0.599479       0.572390       0.547808       0.518547       0.495692       0.616223
   32537.2087   12684.7027     0.906807       0.856724       0.854466       0.841962       0.847961       0.827740       0.807415       0.818200       0.799896       0.793626       0.757935       0.706488       0.661275       0.624893       0.598790       0.572537       0.547362       0.521747       0.496575       0.616522
   32792.2087   12784.1150     0.900058       0.866344       0.856197       0.844483       0.824087       0.817739       0.813224       0.818729       0.818606       0.793315       0.758168       0.706433       0.662941       0.626379       0.600989       0.570708       0.548020       0.520675       0.496947       0.616830
   33047.2087   12883.5273     0.900291       0.862597       0.844131       0.835781       0.836415       0.822187       0.818895       0.824184       0.790943       0.797858       0.759096       0.706940       0.664179       0.626697       0.601861       0.570275       0.547854       0.523466       0.498272       0.617574
   33302.2087   12982.9396     0.893663       0.862567       0.854254       0.840289       0.829333       0.825683       0.816192       0.800693       0.816101       0.800563       0.755878       0.709460       0.663553       0.629238       0.601192       0.569084       0.550706       0.520816       0.497568       0.617455
   33557.2087   13082.3520     0.882476       0.861725       0.850918       0.846002       0.829655       0.830420       0.822129       0.800074       0.810326       0.794098       0.758897       0.708686       0.662563       0.628871       0.600409       0.572938       0.548012       0.522675       0.497548       0.617702
   33812.2087   13181.7643     0.886517       0.875916       0.842844       0.842156       0.834897       0.826719       0.819997       0.813587       0.784984       0.796782       0.760438       0.705896       0.664771       0.629653       0.598292       0.574612       0.547257       0.524597       0.497215       0.617914
   34067.2087   13281.1766     0.890063       0.868004       0.849679       0.839075       0.830482       0.822226       0.832885       0.803158       0.815036       0.792831       0.756729       0.708357       0.664760       0.631747       0.599092       0.571397       0.548329       0.526088       0.497490       0.618267
   34322.2087   13380.5889     0.873284       0.871622       0.858627       0.838091       0.841824       0.820460       0.818241       0.800031       0.805648       0.788034       0.761798       0.709543       0.667170       0.626568       0.601648       0.574541       0.546361       0.524967       0.499163       0.618734
   34577.2087   13480.0012     0.893496       0.874911       0.849461       0.835034       0.829868       0.827615       0.818808       0.819254       0.809532       0.801994       0.761738       0.710451       0.664209       0.630473       0.599719       0.575184       0.547715       0.523287       0.498174       0.618827
   34628.5525   13500.0177     0.885665       0.864602       0.859420       0.833518       0.833356       0.824906       0.818448       0.822669       0.795482       0.787372       0.762242       0.707390       0.665210       0.630326       0.599805       0.576079       0.546972       0.522745       0.500289       0.618770
