  9500.000000  3703.595988  0 108535 0.373092  1  13618 0.094463  2    271 0.002029  3    661 0.004942  4    263 0.001680  5     15 0.000094  6      2 0.000012  7      0 0.000000  8      0 0.000000  9      0 0.000000 10      0 0.000000 11  73581 0.490217 12   2268 0.024721 13    783 0.008530 14      3 0.000220
 24626.208706  9600.581870  0 103348 0.367328  1  13099 0.093194  2    251 0.001925  3    687 0.005256  4    267 0.001742  5     10 0.000064  6      4 0.000023  7      0 0.000000  8      0 0.000000  9      0 0.000000 10      0 0.000000 11  72535 0.496308 12   2252 0.025217 13    779 0.008716 14      3 0.000226
 24881.208706  9699.994183  0  98135 0.361551  1  12562 0.091885  2    201 0.001582  3    713 0.005607  4    227 0.001520  5     17 0.000111  6      1 0.000006  7      0 0.000000  8      0 0.000000  9      0 0.000000 10      0 0.000000 11  71367 0.502715 12   2243 0.025851 13    776 0.008938 14      3 0.000233
 25136.208706  9799.406497  0  95957 0.359202  1  12211 0.090327  2    238 0.001892  3    667 0.005292  4    262 0.001771  5      5 0.000033  6      1 0.000005  7      0 0.000000  8      0 0.000000  9      0 0.000000 10      0 0.000000 11  70960 0.506044 12   2241 0.026157 13    775 0.009040 14      3 0.000236
 25391.208706  9898.818810  0  94304 0.357319  1  11913 0.088871  2    222 0.001778  3    642 0.005128  4    281 0.001910  5     15 0.000100  6      2 0.000013  7      0 0.000000  8      0 0.000000  9      0 0.000000 10      0 0.000000 11  70735 0.509137 12   2238 0.026378 13    775 0.009129 14      3 0.000238
 25646.208706  9998.231123  0  92410 0.355286  1  11626 0.087647  2    184 0.001487  3    626 0.005051  4    260 0.001780  5     11 0.000074  6      3 0.000018  7      0 0.000000  8      0 0.000000  9      0 0.000000 10      0 0.000000 11  70416 0.512542 12   2235 0.026652 13    774 0.009223 14      3 0.000241
 25901.208706 10097.643437  0  90807 0.353541  1  11332 0.086180  2    210 0.001709  3    592 0.004804  4    233 0.001606  5      9 0.000061  6      1 0.000006  7      0 0.000000  8      0 0.000000  9      0 0.000000 10      0 0.000000 11  70174 0.515638 12   2233 0.026896 13    774 0.009316 14      3 0.000243
 26156.208706 10197.055750  0  89408 0.351938  1  11032 0.084541  2    229 0.001876  3    552 0.004508  4    266 0.001842  5     10 0.000067  6      1 0.000006  7      0 0.000000  8      0 0.000000  9      0 0.000000 10      0 0.000000 11  69955 0.518486 12   2231 0.027115 13    772 0.009375 14      3 0.000245
 26411.208706 10296.468064  0  87809 0.350143  1  10735 0.083016  2    221 0.001825  3    587 0.004840  4    221 0.001540  5     15 0.000103  6      1 0.000006  7      0 0.000000  8      0 0.000000  9      0 0.000000 10      0 0.000000 11  69662 0.521493 12   2228 0.027361 13    768 0.009425 14      3 0.000248
 26666.208706 10395.880377  0  87299 0.349722  1  10504 0.081429  2    222 0.001835  3    616 0.005080  4    195 0.001360  5     10 0.000068  6      2 0.000012  7      0 0.000000  8      0 0.000000  9      0 0.000000 10      0 0.000000 11  69697 0.523357 12   2226 0.027440 13    767 0.009449 14      3 0.000249
 26921.208706 10495.292690  0  86304 0.348639  1  10271 0.080056  2    200 0.001660  3    620 0.005136  4    222 0.001553  5      8 0.000054  6      2 0.000012  7      0 0.000000  8      0 0.000000  9      0 0.000000 10      0 0.000000 11  69550 0.525532 12   2224 0.027596 13    767 0.009511 14      3 0.000251
 27176.208706 10594.705004  0  85475 0.347765  1  10037 0.078592  2    210 0.001749  3    586 0.004868  4    234 0.001640  5     11 0.000075  6      2 0.000013  7      0 0.000000  8      0 0.000000  9      0 0.000000 10      0 0.000000 11  69473 0.527723 12   2224 0.027757 13    767 0.009566 14      3 0.000252
 27431.208706 10694.117317  0  84501 0.346690  1   9784 0.077029  2    229 0.001915  3    560 0.004670  4    225 0.001582  5     12 0.000083  6      3 0.000018  7      0 0.000000  8      0 0.000000  9      0 0.000000 10      0 0.000000 11  69363 0.530208 12   2222 0.027920 13    767 0.009631 14      3 0.000254
 27686.208706 10793.529630  0  83242 0.345147  1   9520 0.075508  2    222 0.001868  3    564 0.004735  4    228 0.001610  5      6 0.000042  6      0 0.000000  7      0 0.000000  8      0 0.000000  9      0 0.000000 10      0 0.000000 11  69159 0.532971 12   2221 0.028149 13    767 0.009714 14      3 0.000256
 27944.208706 10894.111500  0  82857 0.344839  1   9297 0.073873  2    229 0.001928  3    581 0.004879  4    204 0.001440  5     12 0.000083  6      3 0.000019  7      0 0.000000  8      0 0.000000  9      0 0.000000 10      0 0.000000 11  69214 0.534750 12   2218 0.028199 13    766 0.009732 14      3 0.000257
 28199.208706 10993.523814  0  82253 0.344246  1   9071 0.072328  2    216 0.001823  3    596 0.005018  4    209 0.001478  5      6 0.000041  6      2 0.000012  7      0 0.000000  8      0 0.000000  9      0 0.000000 10      0 0.000000 11  69176 0.536711 12   2216 0.028306 13    766 0.009778 14      3 0.000258
 28454.208706 11092.936127  0  81602 0.343590  1   8836 0.070715  2    218 0.001845  3    588 0.004959  4    233 0.001650  5      6 0.000042  6      3 0.000019  7      0 0.000000  8      0 0.000000  9      0 0.000000 10      0 0.000000 11  69115 0.538699 12   2213 0.028409 13    765 0.009814 14      3 0.000259
 28709.208706 11192.348440  0  80888 0.342828  1   8586 0.068992  2    239 0.002029  3    595 0.005032  4    215 0.001524  5     16 0.000111  6      1 0.000006  7      0 0.000000  8      0 0.000000  9      0 0.000000 10      0 0.000000 11  69045 0.540801 12   2213 0.028563 13    764 0.009853 14      3 0.000261
 28964.208706 11291.760754  0  80022 0.341964  1   8358 0.067545  2    209 0.001782  3    598 0.005084  4    222 0.001580  5     12 0.000084  6      2 0.000012  7      0 0.000000  8      0 0.000000  9      0 0.000000 10      0 0.000000 11  68892 0.543107 12   2209 0.028710 13    760 0.009871 14      3 0.000262
 29219.208706 11391.173067  0  79621 0.341605  1   8149 0.065984  2    227 0.001938  3    576 0.004908  4    218 0.001551  5      9 0.000063  6      1 0.000006  7      0 0.000000  8      0 0.000000  9      0 0.000000 10      0 0.000000 11  68948 0.544965 12   2209 0.028802 13    761 0.009915 14      3 0.000263
 29474.208706 11490.585381  0  79172 0.341269  1   7932 0.064397  2    217 0.001855  3    587 0.005008  4    207 0.001475  5      6 0.000042  6      0 0.000000  7      0 0.000000  8      0 0.000000  9      0 0.000000 10      0 0.000000 11  68958 0.546860 12   2208 0.028901 13    759 0.009928 14      3 0.000264
 29729.208706 11589.997694  0  78569 0.340595  1   7744 0.063105  2    191 0.001637  3    552 0.004719  4    232 0.001655  5     11 0.000077  6      2 0.000012  7      0 0.000000  8      0 0.000000  9      0 0.000000 10      0 0.000000 11  68936 0.549001 12   2204 0.028984 13    757 0.009949 14      3 0.000265
 29984.208706 11689.410007  0  77985 0.340017  1   7528 0.061553  2    224 0.001924  3    545 0.004667  4    204 0.001456  5     12 0.000084  6      2 0.000012  7      0 0.000000  8      0 0.000000  9      0 0.000000 10      0 0.000000 11  68892 0.550931 12   2203 0.029106 13    756 0.009983 14      3 0.000267
 30239.208706 11788.822321  0  77377 0.339346  1   7339 0.060233  2    212 0.001826  3    525 0.004507  4    226 0.001615  5      6 0.000042  6      5 0.000031  7      0 0.000000  8      0 0.000000  9      0 0.000000 10      0 0.000000 11  68830 0.552867 12   2203 0.029247 13    755 0.010018 14      3 0.000268
 30494.208706 11888.234634  0  76873 0.338857  1   7132 0.058701  2    215 0.001855  3    532 0.004573  4    206 0.001473  5     10 0.000070  6      1 0.000007  7      0 0.000000  8      0 0.000000  9      0 0.000000 10      0 0.000000 11  68826 0.554784 12   2203 0.029366 13    754 0.010045 14      3 0.000269
 30749.208706 11987.646947  0  76514 0.338598  1   6965 0.057455  2    192 0.001659  3    539 0.004649  4    189 0.001352  5     10 0.000070  6      2 0.000013  7      0 0.000000  8      0 0.000000  9      0 0.000000 10      0 0.000000 11  68839 0.556395 12   2203 0.029462 13    754 0.010078 14      3 0.000270
 31004.208706 12087.059261  0  75970 0.338071  1   6788 0.056197  2    187 0.001620  3    522 0.004509  4    188 0.001347  5      7 0.000049  6      1 0.000006  7      0 0.000000  8      0 0.000000  9      0 0.000000 10      0 0.000000 11  68773 0.558207 12   2203 0.029597 13    754 0.010125 14      3 0.000271
 31262.208706 12187.641131  0  75448 0.337586  1   6602 0.054845  2    202 0.001753  3    495 0.004285  4    196 0.001405  5     11 0.000077  6      5 0.000032  7      0 0.000000  8      0 0.000000  9      0 0.000000 10      0 0.000000 11  68693 0.559867 12   2201 0.029706 13    754 0.010170 14      3 0.000272
 31517.208706 12287.053444  0  74884 0.336957  1   6386 0.053228  2    239 0.002080  3    478 0.004143  4    186 0.001336  5     18 0.000127  6      3 0.000019  7      0 0.000000  8      0 0.000000  9      0 0.000000 10      0 0.000000 11  68642 0.561806 12   2200 0.029829 13    753 0.010203 14      3 0.000274
 31772.208706 12386.465757  0  74359 0.336434  1   6204 0.051891  2    203 0.001771  3    506 0.004401  4    185 0.001329  5      7 0.000049  6      3 0.000019  7      0 0.000000  8      0 0.000000  9      0 0.000000 10      0 0.000000 11  68589 0.563660 12   2197 0.029923 13    753 0.010248 14      3 0.000275
 32027.208706 12485.878071  0  74015 0.336133  1   6031 0.050541  2    210 0.001834  3    512 0.004461  4    173 0.001243  5      3 0.000021  6      1 0.000006  7      0 0.000000  8      0 0.000000  9      0 0.000000 10      0 0.000000 11  68602 0.565194 12   2197 0.030013 13    753 0.010279 14      3 0.000276
 32282.208706 12585.290384  0  73532 0.335602  1   5833 0.049020  2    223 0.001951  3    524 0.004575  4    178 0.001280  5      6 0.000043  6      1 0.000006  7      0 0.000000  8      0 0.000000  9      0 0.000000 10      0 0.000000 11  68552 0.566844 12   2194 0.030094 13    752 0.010308 14      3 0.000277
 32537.208706 12684.702698  0  73114 0.335299  1   5659 0.047685  2    197 0.001726  3    534 0.004663  4    211 0.001518  5     10 0.000070  6      1 0.000006  7      0 0.000000  8      0 0.000000  9      0 0.000000 10      0 0.000000 11  68487 0.568241 12   2193 0.030193 13    750 0.010319 14      3 0.000278
 32792.208706 12784.115011  0  72638 0.334777  1   5483 0.046345  2    202 0.001774  3    522 0.004573  4    188 0.001354  5      8 0.000056  6      1 0.000006  7      0 0.000000  8      0 0.000000  9      0 0.000000 10      0 0.000000 11  68467 0.570167 12   2193 0.030320 13    749 0.010349 14      3 0.000279
 33047.208706 12883.527324  0  71890 0.333869  1   5324 0.045235  2    175 0.001543  3    517 0.004540  4    183 0.001322  5      1 0.000007  6      0 0.000000  7      0 0.000000  8      0 0.000000  9      0 0.000000 10      0 0.000000 11  68339 0.572373 12   2187 0.030419 13    749 0.010411 14      3 0.000281
 33302.208706 12982.939638  0  71765 0.333960  1   5163 0.043893  2    191 0.001684  3    485 0.004252  4    192 0.001386  5     11 0.000077  6      1 0.000007  7      0 0.000000  8      0 0.000000  9      0 0.000000 10      0 0.000000 11  68402 0.573562 12   2187 0.030469 13    749 0.010429 14      3 0.000281
 33557.208706 13082.351951  0  71394 0.333598  1   5009 0.042682  2    197 0.001739  3    455 0.004004  4    196 0.001414  5      7 0.000050  6      0 0.000000  7      0 0.000000  8      0 0.000000  9      0 0.000000 10      0 0.000000 11  68406 0.575212 12   2186 0.030556 13    749 0.010463 14      3 0.000282
 33812.208706 13181.764264  0  70997 0.333190  1   4853 0.041467  2    183 0.001618  3    463 0.004083  4    167 0.001206  5     13 0.000092  6      0 0.000000  7      0 0.000000  8      0 0.000000  9      0 0.000000 10      0 0.000000 11  68386 0.576917 12   2185 0.030655 13    748 0.010488 14      3 0.000283
 34067.208706 13281.176578  0  70567 0.332701  1   4720 0.040446  2    182 0.001612  3    446 0.003937  4    157 0.001134  5      6 0.000043  6      0 0.000000  7      0 0.000000  8      0 0.000000  9      0 0.000000 10      0 0.000000 11  68355 0.578575 12   2184 0.030756 13    747 0.010512 14      3 0.000284
 34322.208706 13380.588891  0  70021 0.331916  1   4562 0.039233  2    189 0.001679  3    456 0.004034  4    145 0.001049  5      8 0.000057  6      0 0.000000  7      0 0.000000  8      0 0.000000  9      0 0.000000 10      0 0.000000 11  68267 0.580316 12   2183 0.030884 13    746 0.010547 14      3 0.000286
 34577.208706 13480.001204  0  69769 0.331750  1   4390 0.037810  2    205 0.001822  3    430 0.003811  4    191 0.001382  5     16 0.000113  6      0 0.000000  7      0 0.000000  8      0 0.000000  9      0 0.000000 10      0 0.000000 11  68246 0.581487 12   2183 0.030964 13    746 0.010574 14      3 0.000286
 34628.552456 13500.017679  0  69748 0.331747  1   4364 0.037594  2    207 0.001840  3    429 0.003802  4    186 0.001345  5      6 0.000042  6      3 0.000019  7      0 0.000000  8      0 0.000000  9      0 0.000000 10      0 0.000000 11  68266 0.581787 12   2182 0.030961 13    746 0.010578 14      3 0.000286
